fp64
8 134217728 1559748.173 1561151.028 1562255.144 1.37460494609 1.37557712834 1.37681433784 0.687302473046 0.68778856417 0.688407168918
16 67108864 780212.879 780719.042 781057.835 2.74945535627 2.75064848233 2.75243296516 1.37472767814 1.37532424116 1.37621648258
24 33554432 393023.014 393180.132 393631.22 4.09167935409 4.09637365908 4.09801125794 2.04583967705 2.04818682954 2.04900562897
32 33554432 398283.958 398557.901 400514.841 5.36180792362 5.38813467908 5.39184068267 2.68090396181 2.69406733954 2.69592034134
40 16777216 201809.883 202032.089 202342.987 6.63317913756 6.64338663548 6.6507014426 3.31658956878 3.32169331774 3.3253507213
48 16777216 205965.042 206238.985 206636.906 7.79440985242 7.80944851915 7.81983544567 3.89720492621 3.90472425958 3.90991772283
56 16777216 220417.976 220676.184 221395.016 8.48731026538 8.51495688361 8.52493170521 4.24365513269 4.25747844181 4.2624658526
64 16777216 235055.923 235323.906 235998.869 9.09955059149 9.12565019212 9.1360541806 4.54977529575 4.56282509606 4.5680270903
72 8388608 123867.989 124094.963 124205.112 9.72552202199 9.73415457644 9.75199130746 4.862761011 4.86707728822 4.87599565373
80 8388608 135674.953 136480.093 136950.016 9.80049012919 9.83423479936 9.89259439802 4.90024506459 4.91711739968 4.94629719901
88 8388608 149636.984 149820.805 150015.116 9.84164161164 9.8544057883 9.86651139667 4.92082080582 4.92720289415 4.93325569834
96 8388608 162651.062 163306.952 163909.912 9.82620706916 9.86248727488 9.90225773011 4.91310353458 4.93124363744 4.95112886505
104 8388608 176779.985 177214.146 177295.208 9.84138535769 9.84588704335 9.87006794915 4.92069267885 4.92294352168 4.93503397458
112 8388608 189879.894 190507.174 190908.909 9.8426427653 9.86339859306 9.89598294172 4.92132138265 4.93169929653 4.94799147086
120 8388608 203335.047 203786.135 203854.799 9.87598001065 9.87930763788 9.90122435706 4.93799000533 4.93965381894 4.95061217853
128 8388608 216269.97 216922.045 217552.9 9.87108720684 9.89979440771 9.92964325098 4.93554360342 4.94989720385 4.96482162549
136 4194304 114670.038 115000.01 115120.888 9.91002334867 9.92043990257 9.94898674404 4.95501167434 4.96021995129 4.97449337202
144 4194304 121623.039 121793.985 122172.117 9.88735876616 9.91805590399 9.93199612452 4.94367938308 4.959027952 4.96599806226
152 4194304 128211.021 128515.005 128765.821 9.90222720671 9.92155286459 9.94507653129 4.95111360335 4.96077643229 4.97253826565
160 4194304 135097.027 135350.943 135883.808 9.87738936489 9.91627579573 9.9349135196 4.93869468245 4.95813789786 4.9674567598
176 4194304 148183.107 148360.968 149311.066 9.88804813703 9.95137082147 9.96331523809 4.94402406852 4.97568541073 4.98165761904
192 4194304 161651.134 161976.099 162693.024 9.89970372669 9.94352096355 9.96351028382 4.94985186335 4.97176048177 4.98175514191
208 4194304 174921.036 175314.188 176379.919 9.89245529702 9.95259130995 9.97496072456 4.94622764851 4.97629565498 4.98748036228
224 4194304 188245.058 188355.923 188644.171 9.96080706888 9.97605045847 9.98192575127 4.98040353444 4.98802522924 4.99096287564
240 4194304 201248.884 202117.92 203649.998 9.88591180836 9.96084820188 10.0038612885 4.94295590418 4.98042410094 5.00193064425
264 2097152 110980.988 111259.937 112829.924 9.81385271517 9.95233581698 9.97735085941 4.90692635759 4.97616790849 4.98867542971
288 2097152 120889.902 121104.956 121670.961 9.9280842534 9.97448487575 9.99222873057 4.9640421267 4.98724243787 4.99611436528
312 2097152 130707.026 131167.173 132576.942 9.87066701237 9.97675575428 10.0118783821 4.93533350618 4.98837787714 5.00593919106
336 2097152 161552.191 162204.027 167156.935 8.43091639602 8.68835484584 8.72341090069 4.21545819801 4.34417742292 4.36170545035
368 2097152 154035.807 154287.1 154659.033 9.98004346762 10.0041019113 10.0204225372 4.99002173381 5.00205095565 5.0102112686
400 2097152 167525.053 167814.97 168512.821 9.95604720189 9.9974489761 10.0147504505 4.97802360095 4.99872448805 5.00737522524
440 2097152 184038.877 184453.011 184598.923 9.99731596484 10.0052243658 10.02773865 4.99865798242 5.00261218289 5.01386932501
480 2097152 200984.001 201301.098 202217.102 9.95596267619 10.0012664611 10.0170456851 4.9779813381 5.00063323053 5.00852284257
528 1048576 110286.951 110753.059 111221.79 9.95574928258 9.99788417582 10.0401384385 4.97787464129 4.99894208791 5.02006921925
576 1048576 120208.025 120563.984 120664.12 10.0109257996 10.0192405055 10.0489093969 5.00546289982 5.00962025276 5.02445469843
632 1048576 142172.813 142359.972 142765.045 9.2837855653 9.31020177498 9.32245790199 4.64189278265 4.65510088749 4.661228951
688 1048576 153698.206 153997.898 154350.996 9.34778921673 9.36922253315 9.3874913283 4.67389460836 4.68461126658 4.69374566415
752 1048576 156991.959 157310.009 160708.904 9.81313582974 10.02516187 10.0454718448 4.90656791487 5.01258093501 5.02273592242
824 1048576 182400.942 182780.981 182939.053 9.44605987438 9.45422898239 9.4739272125 4.72302993719 4.7271144912 4.73696360625
904 1048576 198881.865 199181.08 199664.831 9.49503925406 9.51809985165 9.53241970051 4.74751962703 4.75904992583 4.76620985025
992 1048576 217300.892 218640.804 220207.93 9.4473200125 9.51503445807 9.57370567996 4.72366000625 4.75751722903 4.78685283998
1088 524288 118585.11 118787.05 119220.972 9.56921143035 9.60416718826 9.62052223926 4.78460571518 4.80208359413 4.81026111963
1192 524288 129425.049 129532.814 130114.079 9.6062055821 9.64931242828 9.65734687108 4.80310279105 4.82465621414 4.82867343554
1304 524288 141011.0 141319.036 141545.057 9.66012613213 9.6755762189 9.69671234159 4.83006306607 4.83778810945 4.8483561708
1432 524288 154512.882 154657.125 155048.132 9.68448192591 9.70896641199 9.71803006043 4.84224096295 4.854483206 4.85901503022
1568 524288 168692.827 169251.204 169928.074 9.67566529354 9.71436024762 9.74651499557 4.83783264677 4.85718012381 4.87325749778
1720 524288 184127.092 184411.049 186021.805 9.69537264731 9.78005780988 9.79514041312 4.84768632365 4.89002890494 4.89757020656
1888 524288 201723.099 202146.053 202266.932 9.78761811644 9.79347090195 9.8140049296 4.89380905822 4.89673545098 4.9070024648
2072 262144 110492.945 110715.866 111011.982 9.78565301176 9.81182530786 9.83162079715 4.89282650588 4.90591265393 4.91581039857
2272 262144 120853.901 120956.182 121486.902 9.80502684973 9.84804841145 9.85638300579 4.90251342486 4.92402420572 4.9281915029
2496 262144 132353.067 133053.064 133371.83 9.81183843695 9.83534545285 9.88736322975 4.90591921847 4.91767272642 4.94368161487
2744 262144 145313.978 145842.075 146125.078 9.84530712791 9.86441170698 9.90026074436 4.92265356396 4.93220585349 4.95013037218
3016 262144 159448.147 160223.007 161063.91 9.81754763063 9.86907334725 9.91703345414 4.90877381531 4.93453667363 4.95851672707
3312 262144 174998.045 175353.05 175683.975 9.88389439617 9.90254720976 9.92263574144 4.94194719809 4.95127360488 4.96131787072
3640 262144 192219.019 193192.959 193410.158 9.86715661542 9.87824985899 9.9283012156 4.93357830771 4.9391249295 4.9641506078
4000 262144 210829.973 211293.936 211853.981 9.89904456882 9.92528247474 9.94712454856 4.94952228441 4.96264123737 4.97356227428
4400 131072 115964.89 116066.933 116745.949 9.87985972858 9.93765898854 9.94640360544 4.93992986429 4.96882949427 4.97320180272
4840 131072 127233.028 127302.885 129278.898 9.8142618759 9.96660020706 9.97207234587 4.90713093795 4.98330010353 4.98603617293
5320 131072 139738.083 140043.974 140125.99 9.95251544699 9.95834408412 9.98014320835 4.9762577235 4.97917204206 4.99007160417
5848 131072 153521.061 153701.067 153731.108 9.97207482561 9.97402387584 9.98571858489 4.98603741281 4.98701193792 4.99285929245
6432 131072 168738.127 168838.978 169300.079 9.95929959371 9.98649854419 9.99246725075 4.97964979686 4.9932492721 4.99623362537
7072 131072 185297.012 185755.014 186028.004 9.96560909184 9.98025478871 10.0049231663 4.98280454592 4.99012739435 5.00246158314
7776 131072 203613.997 204069.853 204250.813 9.98004225325 9.98889210745 10.0112554836 4.99002112662 4.99444605372 5.00562774179
8552 65536 112030.983 112215.042 112303.019 9.98127881139 9.98910417019 10.0055155635 4.9906394057 4.99455208509 5.00275778175
9400 65536 122924.089 123306.036 123625.04 9.96623984914 9.99202342374 10.0230704171 4.98311992457 4.99601171187 5.01153520853
10336 65536 135143.995 135493.04 136019.945 9.9600113204 9.99874378787 10.02456818 4.9800056602 4.99937189394 5.01228409002
11368 65536 148851.871 148902.178 150300.026 9.91368089318 10.0067474903 10.0101294394 4.95684044659 5.00337374514 5.00506471968
12504 65536 163239.956 163828.85 164383.173 9.97014632392 10.0038808061 10.0399701651 4.98507316196 5.00194040305 5.01998508257
13752 65536 179534.197 179687.977 180084.944 10.009177358 10.0312896505 10.0398819507 5.004588679 5.01564482525 5.01994097537
15120 65536 197093.01 197458.982 197829.962 10.0177375559 10.03655858 10.0551949559 5.00886877793 5.01827929002 5.02759747796
16632 32768 108330.965 108517.17 108796.835 10.0186255602 10.0444450588 10.0617099829 5.0093127801 5.02222252939 5.03085499146
18288 32768 119223.118 119285.107 119724.035 10.0107081089 10.0475440576 10.0527681888 5.00535405443 5.02377202881 5.0263840944
20112 32768 131162.882 131244.898 131639.004 10.0126861489 10.0427525343 10.0490322559 5.00634307443 5.02137626714 5.02451612797
22120 32768 144268.99 144340.038 144691.944 10.0189152203 10.0433416818 10.0482877159 5.00945761016 5.02167084091 5.02414385794
24328 32768 158668.995 158903.837 159227.848 10.0130713818 10.0334884173 10.0483387318 5.00653569092 5.01674420864 5.02416936592
26760 32768 174321.175 174659.014 174926.996 10.0255729539 10.040955344 10.0604149783 5.01278647694 5.020477672 5.03020748914
29432 32768 191679.001 191976.07 192332.029 10.0287797203 10.0473749254 10.0629466031 5.01438986015 5.02368746271 5.03147330155
32368 32768 210815.907 211076.975 211858.988 10.0126469404 10.0497425074 10.0621878026 5.00632347021 5.02487125372 5.03109390128
35600 16384 115962.982 116090.059 116253.853 10.034426988 10.0485847802 10.0595964322 5.01721349399 5.0242923901 5.02979821612
39160 16384 127504.826 127640.009 127718.925 10.0470222404 10.0532340138 10.0638926404 5.02351112022 5.0266170069 5.03194632021
43072 16384 140521.049 140567.064 141923.904 9.94464819683 10.0406400748 10.0439279812 4.97232409841 5.02032003742 5.0219639906
47376 16384 154418.945 154585.123 155065.06 10.0113898515 10.0424719913 10.0532792009 5.00569492573 5.02123599565 5.02663960047
52112 16384 169852.018 170037.985 170672.894 10.0051389297 10.0424973632 10.0534926585 5.00256946484 5.02124868158 5.02674632927
57320 16384 186611.891 186975.002 187436.104 10.0208109319 10.0455234117 10.0650700764 5.01040546596 5.02276170587 5.03253503819
63048 16384 205315.113 205735.207 206588.984 10.0003244316 10.0418246061 10.0623711222 5.00016221581 5.02091230307 5.03118556109
69352 8192 112941.98 113225.937 113751.173 9.98902374396 10.0353611381 10.0605918897 4.99451187198 5.01768056907 5.03029594487
76280 8192 124205.112 124529.839 125327.11 9.97207643262 10.035920146 10.0621584722 4.98603821631 5.01796007301 5.03107923609
83904 8192 136664.867 136811.972 137134.79 10.0243208598 10.0479739887 10.0587895498 5.0121604299 5.02398699435 5.02939477488
92288 8192 150345.087 151711.941 152260.065 9.93068400437 9.96656282975 10.0571732816 4.96534200219 4.98328141488 5.02858664081
101512 8192 165355.206 165560.007 166107.893 10.0126043258 10.0457389326 10.0581811014 5.0063021629 5.0228694663 5.02909055068
111656 8192 181870.937 182172.06 183557.987 9.96617980998 10.0420004253 10.0586269262 4.98308990499 5.02100021266 5.0293134631
122816 8192 200031.042 200358.152 201992.989 9.96181775398 10.0431019348 10.0595253811 4.98090887699 5.02155096739 5.02976269053
135096 4096 109950.066 110280.037 110828.161 9.98578720439 10.0354194839 10.0655367683 4.9928936022 5.01770974197 5.03276838415
148600 4096 121047.974 121585.846 121769.19 9.99703783855 10.0121127586 10.0566011952 4.99851891928 5.00605637929 5.02830059758
163456 4096 133306.026 133772.85 133969.069 9.99507992401 10.0097407807 10.044793864 4.997539962 5.00487039037 5.022396932
179800 4096 146716.118 147963.047 161943.913 9.09525756612 9.95465847632 10.0392623529 4.54762878306 4.97732923816 5.01963117645
197776 4096 162080.05 162240.028 162590.981 9.96476546261 9.98632095897 9.99617776525 4.9823827313 4.99316047948 4.99808888262
217552 4096 178313.017 178894.997 179317.951 9.93869255176 9.96219018914 9.99470489583 4.96934627588 4.98109509457 4.99735244791
239304 4096 196162.939 196770.906 198037.863 9.8990078882 9.96274504118 9.99362253642 4.9495039441 4.98137252059 4.99681126821
263232 2048 108103.037 108279.943 109910.965 9.80974256754 9.95750683024 9.9738018646 4.90487128377 4.97875341512 4.9869009323
289552 2048 119433.88 119625.092 130368.948 9.09729663539 9.91434967507 9.9302224126 4.5486483177 4.95717483753 4.9651112063
318504 2048 131177.187 131810.188 131960.154 9.88625993874 9.89750795288 9.94526879129 4.94312996937 4.94875397644 4.97263439564
350352 2048 144953.012 145406.961 145560.98 9.85869834072 9.86914094161 9.90004810662 4.92934917036 4.9345704708 4.95002405331
385384 2048 159544.945 160603.046 160926.104 9.80905412338 9.82878533948 9.89396977761 4.90452706169 4.91439266974 4.9469848888
423920 2048 176115.99 176177.979 178104.877 9.74917896269 9.8558079157 9.85927694584 4.87458948134 4.92790395785 4.92963847292
466312 2048 193930.149 194432.974 205639.839 9.28815136837 9.82350839318 9.84897893313 4.64407568419 4.91175419659 4.92448946657
512936 2048 213169.098 213391.066 214326.143 9.8027512024 9.84570673638 9.85595884071 4.9013756012 4.92285336819 4.92797942036
564224 1024 117285.967 117691.994 119113.922 9.70105536446 9.81826131691 9.85225071299 4.85052768223 4.90913065845 4.9261253565
620640 1024 129247.189 129580.021 129994.154 9.77790678187 9.80915661373 9.83441674697 4.88895339093 4.90457830687 4.91720837348
682704 1024 142230.034 142607.927 142971.992 9.77938246814 9.80434833752 9.83039765005 4.88969123407 4.90217416876 4.91519882502
750968 1024 156617.165 156905.174 158627.987 9.6955303606 9.80198692492 9.82001215512 4.8477651803 4.90099346246 4.91000607756
826064 1024 171842.098 172066.927 176167.011 9.60326829863 9.83209906457 9.84496285654 4.80163414931 4.91604953228 4.92248142827
908664 1024 189141.989 189468.145 190764.904 9.75516896965 9.82193535489 9.83887227706 4.87758448483 4.91096767744 4.91943613853
999528 1024 208065.033 208153.963 209599.972 9.76638176268 9.83422710045 9.83843039114 4.88319088134 4.91711355022 4.91921519557
1099480 512 114440.918 114684.82 114864.826 9.80167349054 9.81705791577 9.83798050274 4.90083674527 4.90852895789 4.91899025137
1209424 512 125790.119 126084.089 127970.934 9.67758956889 9.82241443645 9.84536930122 4.83879478445 4.91120721822 4.92268465061
1330360 512 138489.008 138703.108 138741.97 9.81886476025 9.82161582133 9.83679975526 4.90943238012 4.91080791066 4.91839987763
1463392 512 152424.812 152704.0 152891.159 9.80117763382 9.81319027661 9.8311645482 4.90058881691 4.90659513831 4.9155822741
1609728 512 167585.135 168780.088 169368.029 9.7324240102 9.76632665341 9.83596469938 4.8662120051 4.88316332671 4.91798234969
1770696 512 184345.961 184848.07 184965.849 9.80285124958 9.80909729812 9.83581465069 4.90142562479 4.90454864906 4.91790732535
1947760 512 203003.168 203438.044 204849.005 9.73647023572 9.80399831213 9.82500056354 4.86823511786 4.90199915607 4.91250028177
2142536 256 111577.034 111696.005 111779.213 9.81379634512 9.82110713808 9.8315790685 4.90689817256 4.91055356904 4.91578953425
2356784 256 122637.987 122758.865 123137.951 9.79936240778 9.82962336773 9.83931192543 4.89968120389 4.91481168386 4.91965596272
2592456 256 134906.054 135067.225 136394.978 9.7315714366 9.82723582275 9.83897632941 4.8657857183 4.91361791138 4.9194881647
2851696 256 148447.037 148624.897 151288.986 9.65085688392 9.82384769626 9.83561801911 4.82542844196 4.91192384813 4.91780900955
3136864 256 163208.008 163610.935 165395.975 9.71048036689 9.81642436063 9.84065909315 4.85524018344 4.90821218032 4.92032954657
3450544 256 179742.813 180393.934 181082.964 9.75618296153 9.79344753355 9.82892444217 4.87809148076 4.89672376678 4.91446222108
3795592 256 197535.992 198143.005 199254.036 9.75309280059 9.8077805169 9.83791907654 4.87654640029 4.90389025845 4.91895953827
4175144 256 217840.195 218508.959 223117.113 9.58094921208 9.78300266398 9.81303623971 4.79047460604 4.89150133199 4.90651811985
4592656 128 120083.809 120916.843 121505.022 9.67630733814 9.72337605606 9.79082813737 4.83815366907 4.86168802803 4.89541406869
5051920 128 132010.937 132600.069 133361.101 9.69766678816 9.75332463816 9.7968513018 4.84883339408 4.87666231908 4.8984256509
5557112 128 146247.864 146836.996 147264.957 9.66027968215 9.68843486828 9.72746290503 4.83013984108 4.84421743414 4.86373145252
6112816 128 161841.154 162277.937 162952.9 9.60327122745 9.64321413576 9.66923960515 4.80163561373 4.82160706788 4.83461980258
6724096 128 180068.016 181716.919 185377.121 9.28576604661 9.472803003 9.55954652158 4.6428830233 4.7364015015 4.77977326079
7396504 128 200994.015 201539.993 201989.889 9.37425647083 9.39518254325 9.42070351697 4.68712823541 4.69759127162 4.71035175848
8136152 128 222653.866 223407.984 225589.991 9.23292253689 9.32309971518 9.35467660822 4.61646126844 4.66154985759 4.67733830411
8949760 64 123961.926 124186.039 124885.082 9.1729873709 9.22462210104 9.24129946158 4.58649368545 4.61231105052 4.62064973079
9844736 64 137528.181 139183.044 140331.984 8.97960801295 9.05373364301 9.1626763245 4.48980400648 4.52686682151 4.58133816225
10829208 64 152439.117 152881.145 153453.112 9.03297825592 9.06677291042 9.09306384922 4.51648912796 4.53338645521 4.54653192461
11912128 64 168531.895 169061.184 171019.077 8.91568596175 9.01893827977 9.04726303588 4.45784298087 4.50946913988 4.52363151794
13103336 64 185849.905 186375.856 186857.939 8.97594727297 8.99916461282 9.0246320438 4.48797363649 4.49958230641 4.5123160219
14413664 64 205627.918 206908.941 207251.072 8.90199975419 8.91671951479 8.97226898927 4.4509998771 4.4583597574 4.48613449464
15855024 64 226383.924 227200.985 230281.115 8.81289406645 8.93236916204 8.96460771658 4.40644703323 4.46618458102 4.48230385829
17440520 32 124955.893 125854.969 133764.029 8.34449506601 8.86888526428 8.93269819615 4.172247533 4.43444263214 4.46634909808
19184568 32 137577.057 137893.915 137959.003 8.8998349169 8.90403577272 8.92454293451 4.44991745845 4.45201788636 4.46227146725
21103024 32 151680.946 151768.923 151939.154 8.88904209642 8.89901245461 8.90417400218 4.44452104821 4.44950622731 4.45208700109
23213320 32 167134.047 167423.01 168152.094 8.83517085431 8.8736457432 8.88898765193 4.41758542716 4.4368228716 4.44449382596
25534648 32 183773.994 184255.123 184691.191 8.84837800412 8.86931904737 8.89253934373 4.42418900206 4.43465952369 4.44626967187
28088112 32 202347.994 202394.009 202752.113 8.86619202829 8.88187934456 8.88389913072 4.43309601415 4.44093967228 4.44194956536
30896920 32 222873.926 223364.115 226030.111 8.74840467605 8.85282257627 8.8722934777 4.37420233802 4.42641128813 4.43614673885
33986608 16 122684.956 122781.038 123811.007 8.78412576032 8.85781284892 8.86474993723 4.39206288016 4.42890642446 4.43237496861
37385264 16 134933.949 135585.07 135988.951 8.79724741755 8.82345267071 8.86603006038 4.39862370877 4.41172633536 4.43301503019
41123784 16 148546.934 148926.02 149846.077 8.7820856865 8.83634094297 8.8588909415 4.39104284325 4.41817047149 4.42944547075
45236160 16 163604.975 163761.139 164958.0 8.7753071691 8.83944218292 8.84787959535 4.38765358455 4.41972109146 4.42393979767
49759776 16 180078.983 180204.868 181037.903 8.79546661563 8.83612551466 8.84230244681 4.39773330781 4.41806275733 4.42115122341
54735752 16 198256.969 198545.933 199739.933 8.76912311771 8.82185818432 8.83471624143 4.38456155885 4.41092909216 4.41735812071
60209320 16 218009.949 218692.064 219673.872 8.77072098952 8.8100967395 8.83766199129 4.38536049476 4.40504836975 4.41883099564
66230248 16 239871.979 240075.827 242946.863 8.72358634242 8.82791059176 8.83541272655 4.36179317121 4.41395529588 4.41770636328
72853272 8 131901.026 132165.909 133168.936 8.75318514222 8.81961438331 8.8373258901 4.37659257111 4.40980719166 4.41866294505
80138592 8 145247.936 145385.027 146382.093 8.75938747508 8.81946028734 8.82778445816 4.37969373754 4.40973014367 4.41389222908
88152448 8 159919.977 160279.989 161046.028 8.75798792132 8.79984567506 8.81965589577 4.37899396066 4.39992283753 4.40982794789
96967688 8 175849.915 176188.946 176846.981 8.7730251273 8.80579084683 8.8227680292 4.38651256365 4.40289542342 4.4113840146
106664456 8 193406.105 193784.952 194792.032 8.76129931228 8.8068308627 8.82408182513 4.38064965614 4.40341543135 4.41204091257
117330896 8 212909.937 213054.895 214252.949 8.76204665916 8.81131755269 8.81731666662 4.38102332958 4.40565877634 4.40865833331
129063984 8 234269.142 234643.936 235831.976 8.75633482374 8.80066955576 8.8147492511 4.37816741187 4.40033477788 4.40737462555
141970376 4 128868.103 128918.171 129897.118 8.74355817502 8.80995284986 8.81337570399 4.37177908751 4.40497642493 4.406687852
156167408 4 141651.869 142848.015 143059.015 8.73303415377 8.74593366943 8.81978665597 4.36651707689 4.37296683472 4.40989332799
171784144 4 156046.152 156222.105 157314.062 8.73585701449 8.7969186691 8.80683781296 4.36792850724 4.39845933455 4.40341890648
188962552 4 171419.859 171813.011 173318.148 8.72211267801 8.79852117835 8.81870061508 4.361056339 4.39926058918 4.40935030754
207858800 4 188724.995 189048.052 190541.983 8.72705518132 8.79601975481 8.8110766674 4.36352759066 4.3980098774 4.4055383337
228644680 4 208024.025 208364.964 209535.122 8.72959827709 8.77862287827 8.79301051886 4.36479913854 4.38931143913 4.39650525943
251509144 4 228672.981 229361.057 230540.991 8.72761561088 8.77251429828 8.79891075544 4.36380780544 4.38625714914 4.39945537772
276660056 2 125745.058 125904.083 128592.968 8.60576002881 8.78954993064 8.80066574068 4.3028800144 4.39477496532 4.40033287034
304326056 2 138310.909 138854.027 139166.832 8.74708582861 8.76679092642 8.80121628005 4.37354291431 4.38339546321 4.40060814003
334758656 2 152196.169 152875.9 153293.848 8.73508390239 8.75896478124 8.79808363639 4.36754195119 4.37948239062 4.39904181819
368234520 2 167563.915 167819.977 168514.013 8.74074537647 8.77689358759 8.79030595579 4.37037268823 4.38844679379 4.3951529779
405057968 2 184103.966 185148.954 185536.146 8.73270199328 8.75096422095 8.80063535405 4.36635099664 4.37548211047 4.40031767702
445563760 2 202942.848 203186.035 203940.868 8.7390774467 8.77154298523 8.78205395048 4.36953872335 4.38577149261 4.39102697524
490120136 2 222893.953 223903.894 226256.847 8.66484515273 8.75590195854 8.79557528418 4.33242257637 4.37795097927 4.39778764209
539132144 1 122685.909 123437.881 124109.983 8.68797385944 8.73527866215 8.78881932562 4.34398692972 4.36763933107 4.39440966281
593045352 1 134953.976 135501.146 136427.164 8.69394825212 8.75336289776 8.78885334953 4.34697412606 4.37668144888 4.39442667477
652349880 1 149278.879 149352.074 150084.972 8.69307394747 8.73573245458 8.74001579286 4.34653697374 4.36786622729 4.37000789643
717584864 1 163578.033 164150.0 164819.956 8.70749976417 8.74303824551 8.7736091557 4.35374988208 4.37151912275 4.38680457785
789343344 1 180234.194 180468.082 181118.011 8.71634289314 8.7477335078 8.7590853487 4.35817144657 4.3738667539 4.37954267435
868277672 1 198412.895 198973.894 200751.066 8.65029201887 8.72755369606 8.75223026205 4.32514600944 4.36377684803 4.37611513103
955105432 1 217376.232 218400.002 219231.129 8.71322823868 8.74638665983 8.78757924187 4.35661411934 4.37319332992 4.39378962094
1050615968 1 240277.052 240911.007 245428.801 8.56147252253 8.72202545731 8.74503794062 4.28073626127 4.36101272865 4.37251897031

META_DATA
ERT_VERSION  1.1.0
TIMESTAMP_DATA  1588785541.2
FLOPS          8
CONFIG  {'ERT': ['GPU', 'False'], 'ERT_WORKING_SET_MIN': ['1'], 'ERT_CFLAGS': ['-O3', '-march=skylake', '-fno-tree-vectorize'], 'ERT_CC': ['gcc'], 'ERT_WSS_MULT': [1.1], 'ERT_HIP': [False], 'ERT_MEMORY_MAX': ['1073741824'], 'ERT_LDFLAGS': [], 'ERT_LDLIBS': [], 'ERT_SPEC_GBYTES_DRAM': ['18.75'], 'ERT_RUN': ['ERT_CODE'], 'ERT_OCL': [False], 'ERT_FLOPS': ['1,2,4,8,16'], 'ERT_SPEC_GFLOPS': ['8'], 'ERT_MPI': [False], 'ERT_TRIALS_MIN': ['1'], 'ERT_DRIVER': ['driver1'], 'ERT_RESULTS': ['Results/skylake-scalar'], 'ERT_OPENMP': ['False'], 'ERT_KERNEL': ['kernel1'], 'ERT_PRECISION': ['FP64'], 'ERT_LD': ['g++'], 'ERT_NUM_EXPERIMENTS': ['5'], 'ERT_GPU': [False], 'ERT_ALIGN': ['32'], 'ERT_GNUPLOT': ['gnuplot']}
TIMESTAMP_DATA  1588785358.6
UNAME  ('Linux', 'box', '5.6.8-arch1-1-surface', '#1 SMP PREEMPT Thu, 30 Apr 2020 08:30:23 +0000', 'x86_64', '')
TIMESTAMP_DATA  1588785175.97
TIMESTAMP_DATA  1588785267.31
TIMESTAMP_DATA  1588785449.87
HOSTNAME  ('localhost', [], ['127.0.0.1'])
