fp64
8 134217728 998852.015 1001877.069 1006366.014 2.13389921572 2.14346022526 2.14995176037 0.53347480393 0.535865056315 0.537487940093
16 67108864 518130.064 518727.064 522003.174 4.11392833408 4.13991055612 4.14468064528 1.02848208352 1.03497763903 1.03617016132
24 33554432 257544.994 257669.926 261333.942 6.16304458454 6.2506818743 6.25371400541 1.54076114614 1.56267046857 1.56342850135
32 33554432 270671.844 270749.092 274942.16 7.81067424508 7.93163748819 7.93390112641 1.95266856127 1.98290937205 1.9834752816
40 16777216 135282.04 136394.024 138288.021 9.7056655399 9.84044051666 9.92132643771 2.42641638497 2.46011012917 2.48033160943
48 16777216 135285.139 135902.166 136867.046 11.7677175264 11.8512661233 11.9053190018 2.9419293816 2.96281653083 2.97632975045
56 16777216 136359.93 137107.849 138523.102 13.56487232 13.7048914829 13.7800612834 3.39121808 3.42622287073 3.44501532085
64 16777216 142652.035 142976.999 143359.9 14.9796675918 15.0197840423 15.0539993909 3.74491689796 3.75494601058 3.76349984772
72 8388608 72345.972 72588.921 76225.996 15.8470812503 16.6411008093 16.696984208 3.96177031258 4.16027520233 4.17424605201
80 8388608 72617.054 72761.059 73397.16 18.2865015486 18.4463681322 18.4829486473 4.57162538714 4.61159203304 4.62073716182
88 8388608 71178.913 71590.9 72468.996 20.3727813202 20.622663048 20.7420280217 5.09319533004 5.15566576199 5.18550700542
96 8388608 71399.927 71873.188 73159.218 22.0151715673 22.4090899655 22.5576244077 5.50379289183 5.60227249138 5.63940610191
104 8388608 72060.108 72704.077 73010.206 23.8984459789 23.9990731744 24.2135421723 5.97461149473 5.9997682936 6.05338554308
112 8388608 72775.126 73070.049 76390.982 24.597775062 25.7157100305 25.8199235821 6.1494437655 6.42892750763 6.45498089553
120 8388608 74781.179 75387.001 78147.888 25.7622563005 26.7057436069 26.92209386 6.44056407513 6.67643590173 6.730523465
128 8388608 72801.113 73851.109 74118.853 28.9735143095 29.0785565319 29.49795078 7.24337857738 7.26963913297 7.37448769499
136 4194304 40611.982 40791.988 43457.985 26.2518082235 27.9675187196 28.0914801942 6.56295205588 6.9918796799 7.02287004855
144 4194304 43473.959 43679.953 55879.831 21.617093867 27.6547814051 27.7858189083 5.40427346675 6.91369535127 6.94645472707
152 4194304 53810.12 54159.88 54733.992 23.2957321293 23.5426743191 23.6956991733 5.82393303233 5.88566857977 5.92392479333
160 4194304 51002.979 51174.164 54060.936 24.8271187905 26.2276347104 26.3156644242 6.20677969764 6.55690867759 6.57891610606
176 4194304 77005.148 78385.115 83662.987 17.6469315876 18.8351450145 19.1726793123 4.41173289689 4.70878625361 4.79316982807
192 4194304 72448.015 73112.965 75335.979 21.3790642583 22.0290988883 22.2312886833 5.34476606457 5.50727472207 5.55782217084
208 4194304 82572.937 82892.895 85301.161 20.4549439134 21.0492161481 21.1307787684 5.11373597834 5.26230403703 5.28269469209
224 4194304 82193.136 82561.016 82978.964 22.6448740912 22.7595090642 22.8613760643 5.66121852281 5.68987726605 5.71534401607
240 4194304 84331.036 85114.002 85918.188 23.4323600959 23.6537569929 23.873368756 5.85809002397 5.91343924822 5.96834218899
264 2097152 45011.044 45182.943 45487.881 24.3426651595 24.5069529003 24.600545946 6.08566628988 6.12673822509 6.1501364865
288 2097152 47764.063 47836.065 47964.096 25.1846621273 25.2520677025 25.2901339654 6.29616553182 6.31301692562 6.32253349134
312 2097152 49504.042 49523.115 50497.055 25.9148349938 26.424485778 26.434666648 6.47870874846 6.6061214445 6.60866666201
336 2097152 53265.095 53682.089 54031.849 26.0825081888 26.2524460253 26.4579673424 6.52062704721 6.56311150634 6.6144918356
368 2097152 55628.061 55865.049 57631.016 26.7825205788 27.6291509563 27.746857328 6.69563014471 6.90728773907 6.936714332
400 2097152 60227.871 60400.009 69522.858 24.1319423318 27.7768435432 27.8562328727 6.03298558296 6.9442108858 6.96405821816
440 2097152 63816.071 63960.075 69415.092 26.5863475338 28.8538398368 28.918949899 6.64658688344 7.2134599592 7.22973747475
480 2097152 67080.975 67355.871 67534.924 29.8107379228 29.8899842005 30.0124725379 7.4526844807 7.47249605012 7.50311813446
528 1048576 37039.042 37200.928 52249.908 21.1923101568 29.7652858552 29.8953805555 5.2980775392 7.44132146381 7.47384513887
576 1048576 37324.905 37394.047 38942.099 31.0193744821 32.3035255318 32.3633657473 7.75484362052 8.07588138294 8.09084143684
632 1048576 41584.969 41786.909 45831.919 28.9187119571 31.7180690249 31.8720945542 7.22967798926 7.92951725623 7.96802363854
688 1048576 43625.116 43797.97 44058.084 32.7486001434 32.9430924767 33.0736215349 8.18715003585 8.23577311917 8.26840538372
752 1048576 46898.127 47006.845 48008.919 32.849277527 33.5495459012 33.6273195729 8.21231938174 8.38738647531 8.40682989323
824 1048576 51417.828 51753.998 52508.831 32.9097642261 33.3897537346 33.6080561007 8.22744105653 8.34743843365 8.40201402517
904 1048576 56370.02 56405.067 57338.953 33.0634814347 33.6109060557 33.6318030045 8.26587035867 8.40272651391 8.40795075113
992 1048576 60497.999 68311.93 70225.0 29.6244184265 30.4540478362 34.3874974113 7.40610460662 7.61351195904 8.59687435282
1088 524288 38512.945 39301.872 39443.016 28.9240226457 29.02789689 29.6225253093 7.23100566143 7.2569742225 7.40563132734
1192 524288 33928.871 34044.981 34446.955 36.2848499091 36.7132703643 36.8389090223 9.07121247727 9.17831759107 9.20972725559
1304 524288 46569.824 46813.011 49428.94 27.6628045028 29.2086126227 29.3611396083 6.9157011257 7.30215315567 7.34028490209
1432 524288 48695.087 49460.888 58072.09 25.8568415912 30.3585498101 30.8359821187 6.4642103978 7.58963745253 7.70899552967
1568 524288 45143.127 45373.917 48240.9 34.0824314638 36.2359539733 36.4212068872 8.52060786594 9.05898849332 9.10530172179
1720 524288 48807.859 49093.962 50206.9 35.9223676427 36.7367115329 36.9520556106 8.98059191067 9.18417788322 9.23801390264
1888 524288 53450.823 53478.003 54795.027 36.129400721 37.0191738087 37.0379982362 9.03235018025 9.25479345218 9.25949955906
2072 262144 29392.958 29616.117 29849.052 36.3939443035 36.6801878855 36.9586734346 9.09848607587 9.17004697138 9.23966835866
2272 262144 31714.916 32083.035 32269.001 36.9141373791 37.1281063652 37.5590569434 9.22853434477 9.28202659131 9.38976423586
2496 262144 37960.052 38162.947 38458.824 34.026595509 34.2904034115 34.4736842826 8.50664887725 8.57260085286 8.61842107066
2744 262144 39407.015 40455.103 45238.972 31.8010380961 35.5615525685 36.5073647928 7.95025952402 8.89038814213 9.1268411982
3016 262144 41594.028 42255.163 43015.957 36.7596752061 37.4215242762 38.0163375377 9.18991880153 9.35538106905 9.50408438442
3312 262144 47194.958 47578.096 51376.104 33.7986285609 36.4966655244 36.7929526709 8.44965714021 9.1241663811 9.19823816773
3640 262144 51871.061 52376.986 52829.027 36.1242375333 36.4360087463 36.7913877836 9.03105938332 9.10900218657 9.19784694591
4000 262144 56054.115 56471.825 56805.849 36.9178885083 37.136253344 37.4129892159 9.22947212707 9.28406333601 9.35324730397
4400 131072 31640.053 31892.061 34752.846 33.1896156073 36.1667939868 36.4548567602 8.29740390183 9.04169849669 9.11371419005
4840 131072 35228.968 35382.986 36060.095 35.1850698119 35.8583913749 36.0151611594 8.79626745298 8.96459784372 9.00379028985
5320 131072 39075.136 39225.101 39542.913 35.2681675222 35.553919415 35.6903704699 8.81704188055 8.88847985375 8.92259261746
5848 131072 42817.116 43025.017 43591.976 35.1674379707 35.6308543004 35.8038619883 8.79185949267 8.9077135751 8.95096549707
6432 131072 45335.054 45492.172 45990.944 36.6617873293 37.0637438019 37.1921958668 9.16544683232 9.26593595048 9.2980489667
7072 131072 49530.983 49798.012 50192.118 36.935727 37.2280397057 37.4287416828 9.23393175 9.30700992642 9.35718542069
7776 131072 54324.865 54395.914 56571.96 36.0325458761 37.4739864468 37.5229969554 9.00813646902 9.36849661171 9.38074923886
8552 65536 30016.899 30457.973 31404.972 35.6926840756 36.8024406614 37.343222696 8.92317101891 9.20061016536 9.335805674
9400 65536 33293.009 33339.977 33564.091 36.7081831592 36.9549385112 37.0070725659 9.1770457898 9.2387346278 9.25176814147
10336 65536 36144.972 36345.959 37435.055 36.1896140396 37.2740252087 37.4812903991 9.04740350989 9.31850630217 9.37032259978
11368 65536 39499.044 39844.99 40668.011 36.6387846212 37.3955796199 37.7231027667 9.15969615529 9.34889490498 9.43077569169
12504 65536 44315.815 44437.17 45591.116 35.9483257221 36.881833114 36.9828308021 8.98708143051 9.22045827851 9.24570770051
13752 65536 48300.028 48692.942 52082.062 34.6088859539 37.0177292635 37.3188633348 8.65222148847 9.25443231588 9.32971583371
15120 65536 53022.861 53304.195 54968.834 36.053314138 37.179224637 37.3764938863 9.01332853449 9.29480615925 9.34412347157
16632 32768 29107.094 29428.959 31137.943 35.0053551065 37.0381688323 37.4477353184 8.75133877662 9.25954220807 9.3619338296
18288 32768 32078.981 32164.097 32776.833 36.5661431658 37.2627395073 37.3616097095 9.14153579145 9.31568487684 9.34040242737
20112 32768 35351.038 35552.979 35687.208 36.9336831281 37.0731249272 37.2849032608 9.23342078203 9.26828123179 9.32122581521
22120 32768 38791.895 38980.007 39949.894 36.2868627386 37.1897398582 37.3700825907 9.07171568465 9.29743496454 9.34252064768
24328 32768 42778.969 46302.08 51941.872 30.6950779132 34.4338700983 37.269710918 7.67376947831 8.60846752457 9.3174277295
26760 32768 46905.994 48941.851 59000.969 29.7239755503 35.8332045921 37.3884702241 7.43099388757 8.95830114803 9.34711755602
29432 32768 51524.878 54265.022 57742.119 33.4046547893 35.5450984983 37.4354220111 8.35116369734 8.88627462456 9.35885550277
32368 32768 56324.005 56802.988 68019.867 31.186024636 37.3443250556 37.6619036235 7.796506159 9.33608126389 9.41547590588
35600 16384 32759.19 32871.962 37328.005 31.2510888273 35.487410213 35.6095739852 7.81277220682 8.87185255325 8.9023934963
39160 16384 37729.025 38450.956 41254.997 31.1039867486 33.3722490541 34.0108147507 7.77599668714 8.34306226352 8.50270368768
43072 16384 40518.045 40775.776 42811.871 32.9671014845 34.613278629 34.8334500344 8.24177537113 8.65331965724 8.70836250861
47376 16384 44115.067 44548.988 46966.076 33.0540019566 34.8474081611 35.1901713761 8.26350048916 8.71185204028 8.79754284404
52112 16384 48616.886 50837.994 54293.156 31.4515887785 33.5891698638 35.1237225683 7.86289719463 8.39729246595 8.78093064208
57320 16384 54482.937 54677.963 68772.078 27.3114004204 34.3513484582 34.4743118382 6.8278501051 8.58783711456 8.61857795955
63048 16384 60412.884 61203.003 65215.826 31.6787655806 33.7558087468 34.1972891743 7.91969139515 8.43895218671 8.54932229357
69352 8192 32850.981 33365.965 35778.999 31.7578244154 34.0545573311 34.5884090341 7.93945610384 8.51363933278 8.64710225853
76280 8192 36496.878 36793.947 41083.097 30.420577105 33.9667695885 34.2432445866 7.60514427625 8.49169239712 8.56081114664
83904 8192 39366.961 40088.892 42772.055 32.1397495631 34.2908737912 34.9197169677 8.03493739078 8.57271844779 8.72992924193
92288 8192 43407.917 44440.031 47939.062 31.5410132973 34.0244270307 34.8334289342 7.88525332431 8.50610675767 8.70835723354
101512 8192 48604.965 48867.941 49222.946 33.7885629194 34.0340225916 34.2181628564 8.44714072985 8.50850564791 8.5545407141
111656 8192 52845.001 53237.915 54684.877 33.4529764783 34.362200398 34.6176907821 8.36324411958 8.59055009949 8.65442269554
122816 8192 57584.047 58804.989 59716.94 33.6959218607 34.2184800681 34.9440070442 8.42398046517 8.55462001702 8.73600176104
135096 4096 32202.959 33433.914 34965.992 31.6509376311 33.1013123979 34.3666068699 7.91273440776 8.27532809949 8.59165171747
148600 4096 35549.879 36086.082 36426.783 33.4185755574 33.7340917199 34.2429069871 8.35464388936 8.43352292998 8.56072674678
163456 4096 39575.1 40435.791 41860.104 31.9882519164 33.1150082361 33.8352032465 7.99706297911 8.27875205904 8.45880081162
179800 4096 42558.908 44744.015 49536.943 29.7338008928 32.9188518286 34.609008295 7.4334502232 8.22971295714 8.65225207376
197776 4096 47645.807 49867.868 59278.011 27.3319054514 32.4894778337 34.0046919973 6.83297636285 8.12236945843 8.50117299934
217552 4096 54524.899 57132.006 66581.011 26.7671811712 31.1941783385 32.6857273775 6.69179529281 7.79854458462 8.17143184438
239304 4096 58641.911 60667.992 63663.006 30.793053787 32.3132232232 33.4296467248 7.69826344675 8.0783058058 8.35741168121
263232 2048 32078.981 34477.949 34605.026 31.1572738596 31.2721116909 33.6107394434 7.7893184649 7.81802792272 8.40268486084
289552 2048 36936.045 37986.04 41891.813 28.3111402221 31.222127708 32.1096910078 7.07778505552 7.80553192699 8.02742275195
318504 2048 42055.13 43634.892 46388.865 28.1229640777 29.8979171073 31.021004667 7.03074101942 7.47447927681 7.75525116674
350352 2048 46653.986 48099.995 49285.889 29.1166867661 29.8345517915 30.7592537109 7.27917169152 7.45863794788 7.68981342773
385384 2048 52733.898 53121.09 54392.099 29.0213632682 29.7157468719 29.9339309982 7.25534081706 7.42893671798 7.48348274956
423920 2048 58410.883 59518.099 71999.073 24.1166482796 29.1739210286 29.7269315377 6.02916206991 7.29348025716 7.43173288444
466312 2048 64760.208 66113.949 83182.096 22.9618396728 28.8897272193 29.4936352274 5.7404599182 7.22243180482 7.37340880684
512936 2048 71846.008 72263.002 73412.18 28.6190364596 29.0741568694 29.2429031826 7.1547591149 7.26853921734 7.31072579565
564224 1024 39435.863 39788.008 41691.065 27.7165083694 29.0421865804 29.3015205981 6.92912709234 7.26054664511 7.32538014954
620640 1024 43400.049 43715.0 45536.041 27.9135096527 29.0763060734 29.2873107125 6.97837741318 7.26907651836 7.32182767812
682704 1024 48031.092 48501.968 57233.095 24.4295331573 28.8272383504 29.1098480959 6.10738328934 7.2068095876 7.27746202397
750968 1024 52418.947 53172.827 62521.935 24.5990861287 28.9242184547 29.3402014352 6.14977153218 7.23105461367 7.33505035879
826064 1024 57725.906 58311.939 60359.001 28.0286128659 29.0125675979 29.3071029842 7.00715321647 7.25314189947 7.32677574606
908664 1024 63923.12 64718.008 67449.093 27.5903468709 28.7546531407 29.1122190531 6.89758671773 7.18866328519 7.27805476328
999528 1024 70288.181 70996.046 79642.057 25.7029190494 28.8330612665 29.123436044 6.42572976235 7.20826531663 7.28085901099
1099480 512 38578.987 39110.899 39939.88 28.1890561514 28.7865415725 29.1834391608 7.04726403785 7.19663539312 7.2958597902
1209424 512 42509.079 43061.018 45557.976 27.1840473334 28.7603552707 29.1337804802 6.79601183336 7.19008881769 7.28344512004
1330360 512 46801.805 47101.021 47902.107 28.4390129228 28.9226987245 29.1076089907 7.10975323069 7.23067468113 7.27690224768
1463392 512 51449.06 51697.016 52954.912 28.2979114006 28.9864584834 29.1261571737 7.07447785014 7.24661462085 7.28153929343
1609728 512 56590.08 57039.022 57414.77 28.7097113164 28.8988382725 29.1280993418 7.17742782911 7.22470956813 7.28202483545
1770696 512 62121.868 63063.145 64024.925 28.320106646 28.7520183778 29.1876719483 7.08002666149 7.18800459444 7.29691798708
1947760 512 68953.991 71154.118 72512.15 27.5058213003 28.0307914153 28.9251747589 6.87645532507 7.00769785383 7.23129368973
2142536 256 37701.845 38266.897 40791.988 26.8920071265 28.6665112146 29.0961472045 6.72300178162 7.16662780366 7.27403680112
2356784 256 41682.959 42131.901 43766.975 27.5704091498 28.6403741431 28.9488423315 6.89260228746 7.16009353577 7.23721058287
2592456 256 45514.107 47661.066 49343.824 26.8997690977 27.8495128917 29.1632102548 6.72494227444 6.96237822293 7.2908025637
2851696 256 49971.104 50557.137 52452.803 27.8358499164 28.8795695057 29.2182528527 6.95896247909 7.21989237642 7.30456321317
3136864 256 54950.953 55679.798 56591.034 28.3803679572 28.8448310822 29.2274160923 7.09509198931 7.21120777055 7.30685402308
3450544 256 60430.05 61418.056 62392.95 28.315354988 28.7648070138 29.2350995573 7.07883874701 7.19120175344 7.30877488931
3795592 256 66644.192 67600.965 72865.009 26.6704572012 28.7472686817 29.1599769714 6.6676143003 7.18681717044 7.28999424286
4175144 256 73405.027 78886.032 117967.844 18.1208171271 27.0982539469 29.1216257982 4.53020428177 6.77456348673 7.28040644955
4592656 128 40594.101 41946.173 74337.006 15.8160786836 28.0292539679 28.9628272837 3.9540196709 7.00731349198 7.24070682092
5051920 128 45600.176 48160.076 67558.05 19.1434110369 26.8540174231 28.3615466747 4.78585275922 6.71350435577 7.09038666868
5557112 128 50950.05 54470.062 60442.924 23.5365958139 26.1174784784 27.9218699884 5.88414895348 6.52936961959 6.98046749709
6112816 128 57081.938 60170.174 69668.055 22.4619575787 26.0075846881 27.4146420186 5.61548939467 6.50189617201 6.85366050466
6724096 128 66448.212 69147.825 83089.113 20.7171374666 24.8940378963 25.9054160253 5.17928436665 6.22350947409 6.47635400634
7396504 128 79761.982 80976.963 94383.001 20.061928567 23.3832556057 23.7394429843 5.01548214175 5.84581390142 5.93486074606
8136152 128 91008.902 105716.944 146198.988 14.2467122413 19.7021861699 22.8862766853 3.56167806032 4.92554654247 5.72156917133
8949760 64 52468.061 61148.167 91479.063 12.5227482927 18.7343192152 21.833649999 3.13068707317 4.68357980379 5.45841249975
9844736 64 59899.092 63816.071 72816.849 17.3054207276 19.7462204779 21.0374843078 4.32635518189 4.93655511948 5.25937107694
10829208 64 68933.964 70257.902 80322.027 17.2572664781 19.7292914326 20.1082099965 4.31431661952 4.93232285815 5.02705249911
11912128 64 76931.0 80518.007 105165.005 14.4986669663 18.9367874443 19.8197395588 3.62466674156 4.73419686108 4.95493488971
13103336 64 85919.142 92331.886 116130.829 14.4425646699 18.1651981852 19.5209934475 3.61064116747 4.54129954629 4.88024836188
14413664 64 97105.026 100188.017 109030.962 16.9213309518 18.4148668398 18.9995211164 4.23033273796 4.60371670995 4.74988027911
15855024 64 107663.155 112905.979 132068.872 15.3665511128 17.9746288901 18.8499312694 3.8416377782 4.49365722253 4.71248281736
17440520 32 60554.028 62534.809 70541.143 15.8232944992 17.8491515022 18.4330145635 3.9558236248 4.46228787554 4.60825364086
19184568 32 67174.911 69213.867 72325.945 16.9760983005 17.7393982625 18.2778411422 4.24402457514 4.43484956562 4.56946028555
21103024 32 74330.091 83968.878 87800.98 15.3824426105 16.0844537663 18.1702123303 3.84561065264 4.02111344158 4.54255308257
23213320 32 82134.008 88960.886 102277.04 14.525767269 16.700063891 18.0881527174 3.63144181724 4.17501597275 4.52203817936
25534648 32 90548.992 100610.018 106815.815 15.2993961802 16.2430889536 18.0478814386 3.82484904506 4.06077223841 4.51197035965
28088112 32 100779.057 101300.001 111093.998 16.1812447149 17.7456974359 17.8374279489 4.04531117874 4.43642435897 4.45935698724
30896920 32 111133.099 114047.05 128647.089 15.3707549496 17.3384833716 17.7931048247 3.8426887374 4.33462084289 4.44827620617
33986608 16 61511.993 63586.95 89814.901 12.1090313956 17.1036896093 17.6806408467 3.0272578489 4.27592240232 4.42016021168
37385264 16 68505.049 72608.948 90949.059 13.1538298599 16.4763225601 17.4633616859 3.28845746496 4.11908064003 4.36584042148
41123784 16 74574.947 77761.889 85663.08 15.3620566526 16.922956797 17.6461551894 3.84051416316 4.23073919925 4.41153879734
45236160 16 82203.865 83060.026 92138.052 15.7107415295 17.4278433286 17.6093559591 3.92768538237 4.35696083216 4.40233898978
49759776 16 90681.076 99045.992 101687.908 15.6588218139 16.0764994105 17.5594832157 3.91470545347 4.01912485262 4.38987080392
54735752 16 100812.912 104270.935 121984.005 14.3588010904 16.7980086109 17.3742036536 3.58970027259 4.19950215273 4.3435509134
60209320 16 110516.071 116245.985 159558.058 12.0752174108 16.5743207389 17.4336476366 3.01880435271 4.14358018473 4.35841190916
66230248 16 122091.055 126878.023 155866.146 13.5973589544 16.7039798216 17.3589124609 3.3993397386 4.17599495541 4.33972811522
72853272 8 67198.992 68960.19 81870.794 14.2377066967 16.9032647967 17.346277337 3.55942667418 4.22581619917 4.33656933425
80138592 8 74058.056 76498.985 84206.104 15.2271321328 16.7612350935 17.3136798514 3.80678303321 4.19030877338 4.32841996285
88152448 8 82097.054 84532.022 114415.884 12.3273021078 16.6852647627 17.1801434921 3.08182552695 4.17131619069 4.29503587303
96967688 8 89242.935 93394.995 130179.882 11.9179936574 16.6120572949 17.3849393008 2.97949841436 4.15301432373 4.3462348252
106664456 8 102072.954 103540.897 123987.913 13.7644973184 16.4826782986 16.7197208381 3.44112432959 4.12066957465 4.17993020952
117330896 8 108843.803 112215.996 152544.975 12.3064973854 16.7292935314 17.2475996268 3.07662434636 4.18232338284 4.31189990669
129063984 8 119822.025 129106.045 155730.009 13.2602814144 15.9947874168 17.234091512 3.31507035359 3.9986968542 4.30852287799
141970376 4 65965.176 75019.121 89732.885 12.6571547098 15.1396469708 17.217615064 3.16428867745 3.7849117427 4.30440376601
156167408 4 72482.109 75592.995 84866.047 14.7213085582 16.527183028 17.2365192078 3.68032713954 4.131795757 4.30912980195
171784144 4 80466.032 82530.022 85138.083 16.1416971533 16.6517967486 17.0789228429 4.03542428833 4.16294918715 4.26973071072
188962552 4 87965.965 90788.126 96097.946 15.7308296267 16.650860444 17.1850603356 3.93270740667 4.162715111 4.29626508389
207858800 4 96904.039 99071.98 104901.075 15.8517956084 16.7844672126 17.1599699781 3.9629489021 4.19611680316 4.28999249453
228644680 4 106245.041 109254.837 130599.022 14.0059045771 16.7421186121 17.2164029755 3.50147614429 4.18552965303 4.30410074386
251509144 4 116950.989 117265.94 127068.996 15.8344931914 17.1582059718 17.204413312 3.95862329785 4.28955149296 4.30110332799
276660056 2 64383.984 64466.0 66501.141 16.6409208528 17.1662616573 17.1881290229 4.16023021319 4.29156541433 4.29703225572
304326056 2 70822.954 71208.954 74419.022 16.3574337755 17.0948196206 17.1879899842 4.08935844387 4.27370490514 4.29699749604
334758656 2 77903.032 78691.959 88696.957 15.0967369038 17.0161556659 17.1884789285 3.77418422596 4.25403891648 4.29711973213
368234520 2 85772.991 88362.932 89581.013 16.442525382 16.669185219 17.1725162295 4.11063134551 4.16729630474 4.29312905737
405057968 2 94434.977 94906.092 97391.844 16.6362172175 17.0719480473 17.1571161816 4.15905430438 4.26798701183 4.28927904541
445563760 2 103978.872 110512.018 117271.185 15.1977234646 16.1272508842 17.1405498609 3.79943086616 4.03181272104 4.28513746523
490120136 2 114308.119 116050.959 120774.984 16.2325051022 16.8932731008 17.1508424874 4.05812627555 4.22331827521 4.28771062185
539132144 1 62938.929 63436.031 67152.023 16.0570633591 16.9976631735 17.1319135094 4.01426583976 4.24941579337 4.28297837734
593045352 1 69210.052 69380.999 71675.062 16.5481643253 17.0953246724 17.1375496727 4.13704108132 4.2738311681 4.28438741817
652349880 1 76121.092 77224.97 79369.068 16.4383908351 16.8947914127 17.1397930024 4.10959770877 4.22369785317 4.28494825061
717584864 1 83635.092 84821.939 86056.948 16.6769768317 16.9197939227 17.1598989572 4.16924420792 4.22994848066 4.28997473931
789343344 1 92150.927 94025.135 99102.974 15.9297609777 16.7900496819 17.1315334462 3.98244024443 4.19751242048 4.28288336155
868277672 1 101391.792 103115.082 114315.987 15.1908354166 16.840944218 17.1271787365 3.79770885414 4.21023605451 4.28179468413
955105432 1 111701.012 112033.844 114081.86 16.7442121298 17.050301907 17.1011061565 4.18605303245 4.26257547675 4.27527653912
1050615968 1 122642.04 122955.084 125742.912 16.7105398036 17.0894270301 17.1330478195 4.17763495091 4.27235675753 4.28326195487

META_DATA
ERT_VERSION  1.1.0
TIMESTAMP_DATA  1588789650.35
CONFIG  {'ERT': ['GPU', 'False'], 'ERT_WORKING_SET_MIN': ['1'], 'ERT_CFLAGS': ['-O3', '-march=skylake'], 'ERT_CC': ['gcc'], 'ERT_WSS_MULT': [1.1], 'ERT_HIP': [False], 'ERT_MEMORY_MAX': ['1073741824'], 'ERT_LDFLAGS': [], 'ERT_LDLIBS': [], 'ERT_SPEC_GBYTES_DRAM': ['18.75'], 'ERT_RUN': ['ERT_CODE'], 'ERT_OCL': [False], 'ERT_FLOPS': ['1,2,4,8,16'], 'ERT_SPEC_GFLOPS': ['30.4'], 'ERT_MPI': [False], 'ERT_TRIALS_MIN': ['1'], 'ERT_DRIVER': ['driver1'], 'ERT_RESULTS': ['Results/skylake-simd'], 'ERT_OPENMP': ['False'], 'ERT_KERNEL': ['kernel1'], 'ERT_PRECISION': ['FP64'], 'ERT_LD': ['g++'], 'ERT_NUM_EXPERIMENTS': ['5'], 'ERT_GPU': [False], 'ERT_ALIGN': ['32'], 'ERT_GNUPLOT': ['gnuplot']}
TIMESTAMP_DATA  1588789795.13
TIMESTAMP_DATA  1588789746.36
UNAME  ('Linux', 'box', '5.6.8-arch1-1-surface', '#1 SMP PREEMPT Thu, 30 Apr 2020 08:30:23 +0000', 'x86_64', '')
FLOPS          4
TIMESTAMP_DATA  1588789697.69
TIMESTAMP_DATA  1588789844.1
HOSTNAME  ('localhost', [], ['127.0.0.1'])
