fp64
8 134217728 1560158.014 1560796.976 1561806.917 1.37499944751 1.37588916497 1.37645265975 0.687499723757 0.687944582486 0.688226329875
16 67108864 780351.877 780599.833 782922.029 2.74290870413 2.75106854654 2.75194269572 1.37145435207 1.37553427327 1.37597134786
24 33554432 392992.973 393299.103 393534.899 4.09268082727 4.09513452666 4.09832451635 2.04634041364 2.04756726333 2.04916225818
32 33554432 398213.148 398627.996 399153.948 5.38008870703 5.38718722606 5.39279945623 2.69004435351 2.69359361303 2.69639972812
40 16777216 201695.919 201853.037 202841.997 6.61686090578 6.64927959444 6.65445928036 3.30843045289 3.32463979722 3.32722964018
48 16777216 205811.024 206157.923 207308.054 7.76917589512 7.81251922101 7.82568739369 3.88458794756 3.9062596105 3.91284369685
56 16777216 220386.028 220693.827 221074.104 8.49963047685 8.51427616958 8.52616751185 4.24981523842 4.25713808479 4.26308375593
64 16777216 234792.948 236295.938 242451.906 8.8573593148 9.08811072326 9.1462868297 4.4286796574 4.54405536163 4.57314341485
72 8388608 123549.223 123951.912 124500.99 9.70240920976 9.7453886149 9.77715215578 4.85120460488 4.87269430745 4.88857607789
80 8388608 135960.102 136701.107 154129.028 8.70814081822 9.81833512146 9.87184666866 4.35407040911 4.90916756073 4.93592333433
88 8388608 149375.916 149797.916 150213.003 9.82867646951 9.85591153351 9.8837553438 4.91433823475 4.92795576675 4.9418776719
96 8388608 162430.048 163603.067 165945.053 9.70569900628 9.84463656785 9.91573145383 4.85284950314 4.92231828392 4.95786572691
104 8388608 175678.015 175755.024 177281.141 9.84216625727 9.92762780995 9.93197961623 4.92108312863 4.96381390497 4.96598980812
112 8388608 189198.017 190451.86 191076.994 9.83398447225 9.86626327514 9.93164844851 4.91699223612 4.93313163757 4.96582422426
120 8388608 203036.07 203512.907 203775.167 9.879839382 9.89257118714 9.91580422139 4.939919691 4.94628559357 4.95790211069
128 8388608 216033.936 217052.937 220124.96 9.7557480442 9.89382441759 9.94049216416 4.8778740221 4.94691220879 4.97024608208
136 4194304 114767.075 115023.136 116458.893 9.79616634343 9.91844534651 9.94057475108 4.89808317172 4.95922267325 4.97028737554
144 4194304 121519.089 121877.909 125608.921 9.61682930148 9.9112264225 9.94049216416 4.80841465074 4.95561321125 4.97024608208
152 4194304 128146.172 128367.901 133392.096 9.5588003655 9.93292253022 9.95010928614 4.77940018275 4.96646126511 4.97505464307
160 4194304 135143.995 135507.107 141951.084 9.45520979607 9.90484786898 9.93146073564 4.72760489804 4.95242393449 4.96573036782
176 4194304 148116.112 148391.008 160268.068 9.21203472672 9.94935628445 9.96782178565 4.60601736336 4.97467814222 4.98391089283
192 4194304 161565.065 161926.985 163007.975 9.88057630923 9.94653692836 9.96881804863 4.94028815461 4.97326846418 4.98440902431
208 4194304 174740.791 175405.979 178297.997 9.78603513981 9.94738305927 9.98524988936 4.89301756991 4.97369152964 4.99262494468
224 4194304 188265.8 188578.129 211472.034 8.88556352562 9.96429544595 9.98082600239 4.44278176281 4.98214772297 4.99041300119
240 4194304 201407.909 202539.921 205421.209 9.80067213994 9.94009432837 9.99596257166 4.90033606997 4.97004716418 4.99798128583
264 2097152 110756.874 111089.945 130248.07 8.50144079678 9.96756507531 9.99753980055 4.25072039839 4.98378253765 4.99876990028
288 2097152 120699.883 121083.975 123075.008 9.81482407866 9.97621321897 10.0079595935 4.90741203933 4.98810660948 5.00397979673
312 2097152 130760.908 131281.137 131924.868 9.91945542822 9.96809502038 10.007752837 4.95972771411 4.98404751019 5.00387641848
336 2097152 161509.991 161961.079 163301.945 8.62994095998 8.70138772044 8.72569018966 4.31497047999 4.35069386022 4.36284509483
368 2097152 154065.132 156314.85 157014.132 9.83034999678 9.87432654031 10.0185152342 4.91517499839 4.93716327016 5.0092576171
400 2097152 167372.942 167914.152 168484.211 9.95773782031 9.99154377411 10.0238520035 4.97886891016 4.99577188705 5.01192600175
440 2097152 184457.064 184694.052 185281.992 9.96045940611 9.99216672121 10.0050045251 4.98022970306 4.99608336061 5.00250226253
480 2097152 200676.918 201419.115 215524.912 9.34122139904 9.99540644392 10.0323741269 4.67061069952 4.99770322196 5.01618706343
528 1048576 110213.041 110403.061 110767.126 9.99661448289 10.0295793067 10.0468714587 4.99830724145 5.01478965334 5.02343572935
576 1048576 120288.134 120528.936 120779.991 10.0013217587 10.0221539498 10.0422170652 5.00066087933 5.01107697491 5.02110853262
632 1048576 141772.032 142021.179 142277.002 9.31563109546 9.33241135817 9.34881192928 4.65781554773 4.66620567908 4.67440596464
688 1048576 153543.949 153932.81 154788.017 9.32139712081 9.37318415743 9.3969224147 4.66069856041 4.68659207871 4.69846120735
752 1048576 156751.871 157205.105 157696.009 10.0006228059 10.0318517264 10.0608579275 5.00031140293 5.01592586322 5.03042896375
824 1048576 182131.052 182762.861 182948.112 9.44559213598 9.45516632069 9.48796610476 4.72279606799 4.72758316034 4.74398305238
904 1048576 198933.125 199161.053 201278.925 9.41889672751 9.5190569614 9.52996343872 4.70944836376 4.7595284807 4.76498171936
992 1048576 217217.922 217585.087 218344.212 9.52795938552 9.56120114978 9.57736251616 4.76397969276 4.78060057489 4.78868125808
1088 524288 118756.056 118927.956 119079.113 9.58061123616 9.59278815824 9.60667376828 4.79030561808 4.79639407912 4.80333688414
1192 524288 129472.017 129889.011 130334.854 9.58993357218 9.6228509431 9.6538435174 4.79496678609 4.81142547155 4.8269217587
1304 524288 141091.108 141291.857 141374.111 9.67180691237 9.67743741948 9.691206791 4.83590345619 4.83871870974 4.8456033955
1432 524288 154425.859 154581.07 154775.858 9.70151838538 9.71374329341 9.72350642388 4.85075919269 4.8568716467 4.86175321194
1568 524288 168483.019 168966.055 169517.04 9.69912622353 9.73075431039 9.75865210487 4.84956311177 4.86537715519 4.87932605244
1720 524288 184240.103 184558.153 233157.873 7.73531983627 9.77226251284 9.7891321739 3.86765991814 4.88613125642 4.89456608695
1888 524288 201496.124 202204.943 208218.098 9.50787422907 9.7906186596 9.82505990041 4.75393711453 4.8953093298 4.9125299502
2072 262144 110495.09 110801.935 115840.197 9.37778736685 9.80420365402 9.83142993956 4.68889368342 4.90210182701 4.91571496978
2272 262144 121138.811 121227.026 122125.864 9.75372699103 9.82604601716 9.83320148321 4.87686349552 4.91302300858 4.91660074161
2496 262144 132742.882 132941.008 136512.995 9.58606796371 9.84363566733 9.85832783109 4.79303398186 4.92181783367 4.92916391555
2744 262144 145489.931 145570.993 145769.835 9.86930027053 9.88278119392 9.88828754067 4.93465013526 4.94139059696 4.94414377033
3016 262144 159538.984 159628.868 177196.026 8.92374757885 9.90580606009 9.91138697486 4.46187378943 4.95290303005 4.95569348743
3312 262144 174962.044 175074.1 175961.971 9.8682791863 9.91832518916 9.9246774689 4.93413959315 4.95916259458 4.96233873445
3640 262144 192041.874 192579.985 234602.928 8.13463129497 9.90969191321 9.93745936889 4.06731564748 4.9548459566 4.96872968444
4000 262144 210798.979 211133.957 214576.006 9.77346926664 9.93280299294 9.94858708495 4.88673463332 4.96640149647 4.97429354247
4400 131072 115693.092 115855.932 129359.961 8.91646527321 9.95575781135 9.96977071025 4.4582326366 4.97787890567 4.98488535513
4840 131072 127192.02 127273.083 129721.88 9.78074755007 9.9689339654 9.97528744335 4.89037377503 4.9844669827 4.98764372167
5320 131072 139698.982 139938.831 144116.879 9.67691008629 9.96582628306 9.9829365972 4.83845504315 4.98291314153 4.9914682986
5848 131072 153337.002 153650.999 156018.019 9.82590422456 9.97727396488 9.99770500274 4.91295211228 4.98863698244 4.99885250137
6432 131072 168670.893 169052.839 176208.019 9.56886194833 9.9738650825 9.99645035377 4.78443097417 4.98693254125 4.99822517688
7072 131072 185187.101 185592.175 187166.929 9.90496760248 9.98901148715 10.0108612208 4.95248380124 4.99450574357 5.00543061042
7776 131072 203402.996 203795.91 206381.083 9.87702804137 10.0023192026 10.0216407039 4.93851402069 5.00115960129 5.01082035193
8552 65536 111758.947 111917.973 113269.806 9.89608602314 10.0156187067 10.0298703065 4.94804301157 5.00780935337 5.01493515325
9400 65536 122830.868 122919.083 124341.965 9.90877697646 10.0234786164 10.030677305 4.95438848823 5.01173930821 5.0153386525
10336 65536 135105.133 135226.965 138965.845 9.74887168858 10.0184174954 10.0274516735 4.87443584429 5.00920874768 5.01372583675
11368 65536 148399.115 148787.022 151178.837 9.85605211396 10.0144923661 10.04066969 4.92802605698 5.00724618307 5.02033484499
12504 65536 163134.098 163947.105 178277.016 9.1931328265 9.99666500973 10.0464851193 4.59656641325 4.99833250486 5.02324255963
13752 65536 179486.036 180078.03 181187.868 9.94824964771 10.009561655 10.042575925 4.97412482385 5.00478082751 5.02128796248
15120 65536 197129.011 197595.119 199156.046 9.95103427591 10.0296436978 10.0533586099 4.97551713795 5.01482184891 5.02667930496
16632 32768 108323.812 108703.852 109371.901 9.96594867634 10.0271952828 10.0623743928 4.98297433817 5.01359764142 5.0311871964
18288 32768 119066.954 119253.159 121068.001 9.89958005501 10.0502358013 10.0659530435 4.94979002751 5.02511790065 5.03297652176
20112 32768 131055.832 131103.992 133409.977 9.87977107589 10.0535461346 10.0572405813 4.93988553795 5.02677306729 5.02862029063
22120 32768 144058.228 144279.957 145056.009 9.99376951009 10.047523926 10.0629886965 4.99688475505 5.023761963 5.03149434824
24328 32768 158349.991 158484.936 162624.836 9.80391339488 10.0600085298 10.0685816143 4.90195669744 5.03000426488 5.03429080713
26760 32768 174046.04 174168.825 177715.063 9.868287642 10.0692150848 10.0763186568 4.934143821 5.03460754242 5.03815932842
29432 32768 191663.027 191757.917 211246.967 9.13080826386 10.0588053009 10.0637852913 4.56540413193 5.02940265043 5.03189264563
32368 32768 210510.969 212076.187 212601.9 9.97765893908 10.0023924327 10.0767634963 4.98882946954 5.00119621634 5.03838174817
35600 16384 115917.921 116034.985 117043.972 9.9666884169 10.0533541673 10.0635069188 4.98334420845 5.02667708364 5.03175345942
39160 16384 127471.209 128217.936 131142.139 9.78476399565 10.0079202648 10.0665467133 4.89238199783 5.00396013238 5.03327335665
43072 16384 140169.144 140298.843 143917.084 9.80691976777 10.0598356039 10.069144005 4.90345988389 5.02991780196 5.03457200252
47376 16384 154068.947 154546.022 156294.107 9.93266347528 10.0450127924 10.0761172074 4.96633173764 5.02250639619 5.03805860372
52112 16384 169532.061 169981.956 171480.894 9.95799576366 10.0458075444 10.0724665643 4.97899788183 5.02290377221 5.03623328215
57320 16384 186296.94 186866.045 192996.025 9.73212665909 10.0513807096 10.082085943 4.86606332954 5.02569035482 5.04104297151
63048 16384 204926.014 205388.069 219530.821 9.41078275291 10.0587968622 10.0814768397 4.70539137646 5.02939843112 5.04073841987
69352 8192 112733.841 112857.103 114737.988 9.90311219332 10.0681582089 10.0791666275 4.95155609666 5.03407910444 5.03958331376
76280 8192 123989.82 124119.997 125535.011 9.95556148077 10.069058574 10.0796300858 4.97778074039 5.03452928701 5.03981504288
83904 8192 136304.855 136654.854 139722.109 9.83869443311 10.0595265793 10.0853570916 4.91934721655 5.02976328964 5.04267854582
92288 8192 149916.887 150177.002 152720.928 9.90071637071 10.068429732 10.0858990755 4.95035818536 5.034214866 5.04294953777
101512 8192 165063.143 165853.024 167644.978 9.92080185068 10.0279908553 10.0759780637 4.96040092534 5.01399542766 5.03798903187
111656 8192 181522.846 181771.994 183765.173 9.95494344296 10.064102086 10.0779155038 4.97747172148 5.03205104302 5.03895775191
122816 8192 199757.814 199858.904 203061.819 9.90938303375 10.0681896264 10.0732847627 4.95469151687 5.03409481321 5.03664238136
135096 4096 109785.08 109955.072 111545.086 9.92160633593 10.0650785077 10.080663347 4.96080316797 5.03253925385 5.04033167348
148600 4096 120885.134 121191.025 122035.98 9.9751827289 10.0447306226 10.0701480796 4.98759136445 5.02236531129 5.03507403979
163456 4096 133072.138 133287.907 135077.953 9.91302816086 10.0461593414 10.0624486247 4.95651408043 5.02307967069 5.03122431234
179800 4096 146423.101 146700.859 149950.027 9.82274981518 10.0403065806 10.0593525881 4.91137490759 5.02015329031 5.02967629404
197776 4096 161010.027 161561.012 162964.821 9.94190637009 10.0282919248 10.0626092808 4.97095318504 5.01414596239 5.03130464042
217552 4096 177839.994 178250.074 180200.815 9.88999957631 9.99823418867 10.0212890471 4.94499978815 4.99911709434 5.01064452353
239304 4096 195863.008 196554.184 197674.99 9.91717954811 9.97373003263 10.0089260755 4.95858977405 4.98686501632 5.00446303776
263232 2048 107872.009 108273.029 109701.872 9.82844004704 9.95814268759 9.99516261906 4.91422002352 4.9790713438 4.99758130953
289552 2048 119161.129 119411.945 122354.984 9.69314819248 9.93204651344 9.95295195634 4.84657409624 4.96602325672 4.97647597817
318504 2048 131484.032 131873.131 133322.001 9.78527455495 9.89278387574 9.92205946346 4.89263727747 4.94639193787 4.96102973173
350352 2048 145169.02 145247.936 146883.011 9.76996442427 9.87994619077 9.88531707385 4.88498221214 4.93997309538 4.94265853692
385384 2048 159849.167 160266.876 163940.907 9.62866982308 9.84940184396 9.87513975597 4.81433491154 4.92470092198 4.93756987798
423920 2048 175785.065 176545.858 180849.075 9.60124523722 9.8352707884 9.87783757397 4.80062261861 4.9176353942 4.93891878699
466312 2048 193861.961 194208.86 196136.951 9.73816479894 9.83484456888 9.85244316186 4.86908239947 4.91742228444 4.92622158093
512936 2048 213500.023 213702.917 215956.211 9.72875865098 9.83133915762 9.84068210616 4.86437932549 4.91566957881 4.92034105308
564224 1024 117425.919 117525.101 118754.864 9.73038672336 9.83220386256 9.84050848263 4.86519336168 4.91610193128 4.92025424131
620640 1024 129369.02 129817.009 135692.835 9.36726482279 9.79124946562 9.82515535791 4.68363241139 4.89562473281 4.91257767895
682704 1024 142182.112 142326.117 158156.157 8.84048916287 9.82376124264 9.83371095233 4.42024458144 4.91188062132 4.91685547617
750968 1024 156419.039 156708.956 157961.845 9.73641744942 9.81426016264 9.83245053692 4.86820872471 4.90713008132 4.91622526846
826064 1024 171907.187 172008.991 177954.197 9.50682310685 9.83541070827 9.84123527075 4.75341155342 4.91770535413 4.92061763538
908664 1024 189386.129 189549.923 201169.968 9.25060480201 9.81769785261 9.82618886518 4.625302401 4.90884892631 4.91309443259
999528 1024 208647.966 209342.003 217792.988 9.39898645405 9.77841672796 9.81094320373 4.69949322703 4.88920836398 4.90547160187
1099480 512 114334.106 114574.909 122170.925 9.21551113737 9.82647535858 9.8471712369 4.60775556868 4.91323767929 4.92358561845
1209424 512 125895.977 126025.915 133643.866 9.2667940031 9.82694849706 9.83709095009 4.63339700155 4.91347424853 4.91854547505
1330360 512 138438.94 138712.883 145474.911 9.36442325784 9.82092369892 9.84035734454 4.68221162892 4.91046184946 4.92017867227
1463392 512 152290.106 152893.066 167346.954 8.95453052584 9.80105538599 9.83986056192 4.47726526292 4.900527693 4.91993028096
1609728 512 167413.95 167860.985 180133.82 9.15076065116 9.81980102166 9.84602222216 4.57538032558 4.90990051083 4.92301111108
1770696 512 184464.931 185204.983 187347.889 9.67821262187 9.79019394959 9.82947107708 4.83910631093 4.89509697479 4.91473553854
1947760 512 202575.922 203251.123 212104.797 9.40339996177 9.81301461247 9.84572213869 4.70169998088 4.90650730624 4.92286106934
2142536 256 111327.887 111765.146 126216.173 8.69126678401 9.81503153049 9.85358171758 4.34563339201 4.90751576525 4.92679085879
2356784 256 122520.924 122889.042 129884.958 9.29032450394 9.81921079668 9.84871292678 4.64516225197 4.90960539834 4.92435646339
2592456 256 134752.989 135311.127 138695.955 9.57012388717 9.80952196193 9.85015235543 4.78506194359 4.90476098097 4.92507617772
2851696 256 148427.963 148948.908 157713.89 9.25770299623 9.80247771941 9.83688196273 4.62885149811 4.9012388597 4.91844098137
3136864 256 163928.032 164119.005 167047.024 9.61450452419 9.78603524924 9.79743579182 4.80725226209 4.89301762462 4.89871789591
3450544 256 179821.968 179996.014 182814.121 9.66379685736 9.815098061 9.8245978934 4.83189842868 4.9075490305 4.9122989467
3795592 256 198019.028 198113.918 213219.881 9.11426783884 9.80922049101 9.81392103389 4.55713391942 4.90461024551 4.90696051695
4175144 256 217978.954 218085.766 233086.109 9.17117599659 9.80198647169 9.80678954905 4.5855879983 4.90099323584 4.90339477452
4592656 128 119776.964 120208.979 127759.933 9.20257163879 9.78063324205 9.81591031144 4.6012858194 4.89031662102 4.90795515572
5051920 128 132361.174 132404.089 137016.058 9.43897772917 9.76776117541 9.77092814242 4.71948886458 4.88388058771 4.88546407121
5557112 128 146189.928 146488.905 149970.055 9.48603154143 9.71145679599 9.73131796056 4.74301577072 4.855728398 4.86565898028
6112816 128 161942.005 162390.947 176947.832 8.84374156107 9.63650329596 9.66321798967 4.42187078054 4.81825164798 4.83160899484
6724096 128 180271.864 180903.196 196563.959 8.7572950034 9.51541274041 9.54873676793 4.3786475017 4.75770637021 4.77436838396
7396504 128 199738.979 200910.091 224016.905 8.45250952824 9.42463872559 9.47989738147 4.22625476412 4.71231936279 4.73994869074
8136152 128 223577.023 223862.886 271877.05 7.66101777256 9.30415465116 9.31605083587 3.83050888628 4.65207732558 4.65802541793
8949760 64 124300.957 125182.152 128341.913 8.925917132 9.15121893734 9.2160938069 4.462958566 4.57560946867 4.60804690345
9844736 64 137316.942 137642.86 163043.022 7.728795704 9.15504231749 9.17677155962 3.864397852 4.57752115874 4.58838577981
10829208 64 152096.987 152420.998 160983.801 8.61042300772 9.09414478443 9.11351796864 4.30521150386 4.54707239222 4.55675898432
11912128 64 168102.026 169886.112 174034.119 8.76122677991 8.97514438379 9.07039861614 4.38061338995 4.48757219189 4.53519930807
13103336 64 186102.867 186684.847 226735.83 7.3972737701 8.98426966598 9.01236523132 3.69863688505 4.49213483299 4.50618261566
14413664 64 204884.052 205910.921 213979.959 8.62206442427 8.95993754503 9.00484432044 4.31103221213 4.47996877252 4.50242216022
15855024 64 226105.928 226639.032 231638.908 8.76123570743 8.95451703129 8.97562965266 4.38061785372 4.47725851565 4.48781482633
17440520 32 125104.189 125180.96 134805.202 8.28004604748 8.91663780179 8.92210955462 4.14002302374 4.45831890089 4.46105477731
19184568 32 137617.111 138087.034 140821.934 8.71889994069 8.89158320252 8.92194541128 4.35944997034 4.44579160126 4.46097270564
21103024 32 151649.952 152487.04 154238.939 8.75650172879 8.85710376436 8.90599382452 4.37825086439 4.42855188218 4.45299691226
23213320 32 166909.933 167443.991 168398.142 8.8222617088 8.87253386119 8.90092311043 4.4111308544 4.43626693059 4.45046155521
25534648 32 183600.903 184158.087 196810.007 8.3035283465 8.87399244107 8.90092284568 4.15176417325 4.43699622054 4.45046142284
28088112 32 202728.987 203907.013 228955.03 7.85149454022 8.81597519159 8.86720342563 3.92574727011 4.4079875958 4.43360171281
30896920 32 222660.065 223144.054 231019.02 8.55948086006 8.86155308445 8.8808151565 4.27974043003 4.43077654222 4.44040757825
33986608 16 122775.078 123054.028 127285.957 8.54431613379 8.83816217702 8.85824284306 4.27215806689 4.41908108851 4.42912142153
37385264 16 135003.09 135110.855 144148.827 8.29925898738 8.85442141566 8.86148937776 4.14962949369 4.42721070783 4.43074468888
41123784 16 148530.006 149001.122 153221.13 8.58863975223 8.83188710485 8.8599005914 4.29431987612 4.41594355243 4.4299502957
45236160 16 163770.914 164088.011 185720.921 7.79425986155 8.82183354639 8.83891458284 3.89712993077 4.41091677319 4.41945729142
49759776 16 180054.903 180367.947 184334.04 8.63819201272 8.82813636505 8.84348498969 4.31909600636 4.41406818252 4.42174249484
54735752 16 198086.023 198417.902 221597.195 7.90417976184 8.82755057051 8.84234050173 3.95208988092 4.41377528526 4.42117025087
60209320 16 217887.163 218662.977 228564.978 8.42954269223 8.81126867673 8.84264228086 4.21477134612 4.40563433836 4.42132114043
66230248 16 239959.002 240566.969 248096.943 8.54249919557 8.80988751203 8.83220849535 4.27124959778 4.40494375601 4.41610424767
72853272 8 132010.937 132599.115 145242.929 8.02553597635 8.79080039109 8.82996802 4.01276798818 4.39540019554 4.41498401
80138592 8 145167.112 147253.036 148561.001 8.63091567349 8.70757919042 8.83269946157 4.31545783674 4.35378959521 4.41634973078
88152448 8 159622.908 159950.018 161672.831 8.72403334114 8.8179994328 8.83606987037 4.36201667057 4.4089997164 4.41803493519
96967688 8 175861.12 176679.134 180715.799 8.5852095754 8.78135959168 8.8222058861 4.2926047877 4.39067979584 4.41110294305
106664456 8 193274.975 194226.98 194746.971 8.76332652178 8.78678799413 8.83006864184 4.38166326089 4.39339399706 4.41503432092
117330896 8 212599.993 213515.043 215908.051 8.69487880283 8.7923282108 8.83017120325 4.34743940141 4.3961641054 4.41508560163
129063984 8 234130.144 235581.16 235921.144 8.75302530747 8.76565742354 8.81998237698 4.37651265374 4.38282871177 4.40999118849
141970376 4 128540.039 129108.191 129824.877 8.74842352441 8.79698645921 8.83586948344 4.3742117622 4.3984932296 4.41793474172
156167408 4 141892.91 142030.001 145766.02 8.57085392055 8.79630539466 8.80480401734 4.28542696028 4.39815269733 4.40240200867
171784144 4 155645.847 156018.019 158985.138 8.64403534373 8.8084258524 8.82948808779 4.32201767187 4.4042129262 4.41474404389
188962552 4 171133.041 172247.171 173222.065 8.72695066878 8.77634394355 8.83348070698 4.36347533439 4.38817197178 4.41674035349
207858800 4 188779.116 189515.829 190263.987 8.73980634076 8.77430876763 8.80855062379 4.36990317038 4.38715438382 4.40427531189
228644680 4 207858.086 208736.897 209975.004 8.71131041864 8.76298089264 8.80003022832 4.35565520932 4.38149044632 4.40001511416
251509144 4 227893.114 228821.993 229673.147 8.76059381901 8.79318078486 8.8290212753 4.3802969095 4.39659039243 4.41451063765
276660056 2 125718.832 125831.127 131910.086 8.38935260796 8.7946460497 8.80250163317 4.19467630398 4.39732302485 4.40125081658
304326056 2 137907.982 138470.888 139055.967 8.75405960824 8.79104800715 8.82693087337 4.37702980412 4.39552400357 4.41346543669
334758656 2 151864.052 152330.875 152802.944 8.76314676241 8.79030350216 8.8173244844 4.3815733812 4.39515175108 4.4086622422
368234520 2 167057.991 167592.049 168833.971 8.72418075151 8.7888303102 8.81692681196 4.36209037576 4.3944151551 4.40846340598
405057968 2 183815.002 184300.184 184921.026 8.76175039176 8.79126562348 8.8144702792 4.38087519588 4.39563281174 4.4072351396
445563760 2 202082.157 202833.176 205969.095 8.65302165842 8.78680241146 8.81945772184 4.32651082921 4.39340120573 4.40972886092
490120136 2 222316.98 223402.023 224514.961 8.73207083959 8.77557202783 8.81840219312 4.3660354198 4.38778601392 4.40920109656
539132144 1 122314.93 122985.84 123234.987 8.74966041908 8.76738564375 8.8154756578 4.37483020954 4.38369282187 4.4077378289
593045352 1 134503.126 135437.965 136184.931 8.70941223299 8.75744628916 8.81831329333 4.35470611649 4.37872314458 4.40915664666
652349880 1 147956.133 149106.026 157264.948 8.29618918006 8.75014776398 8.81815260744 4.14809459003 4.37507388199 4.40907630372
717584864 1 163139.82 163811.922 164041.996 8.74879459526 8.76108228557 8.79717611556 4.37439729763 4.38054114279 4.39858805778
789343344 1 179472.923 180386.066 180654.049 8.73872850755 8.75171083336 8.79623879531 4.36936425377 4.37585541668 4.39811939765
868277672 1 197196.007 198215.961 199689.865 8.69626179576 8.7609258873 8.80623989511 4.34813089788 4.38046294365 4.40311994756
955105432 1 217288.017 218352.079 227775.812 8.38636397442 8.74830628015 8.79114683991 4.19318198721 4.37415314008 4.39557341996
1050615968 1 239109.993 239979.029 240290.165 8.74456071059 8.75589814975 8.78772112214 4.37228035529 4.37794907488 4.39386056107

META_DATA
ERT_VERSION  1.1.0
FLOPS          8
TIMESTAMP_DATA  1588789983.18
TIMESTAMP_DATA  1588790068.33
TIMESTAMP_DATA  1588790153.41
CONFIG  {'ERT': ['GPU', 'False'], 'ERT_WORKING_SET_MIN': ['1'], 'ERT_CFLAGS': ['-O3', '-march=skylake'], 'ERT_CC': ['gcc'], 'ERT_WSS_MULT': [1.1], 'ERT_HIP': [False], 'ERT_MEMORY_MAX': ['1073741824'], 'ERT_LDFLAGS': [], 'ERT_LDLIBS': [], 'ERT_SPEC_GBYTES_DRAM': ['18.75'], 'ERT_RUN': ['ERT_CODE'], 'ERT_OCL': [False], 'ERT_FLOPS': ['1,2,4,8,16'], 'ERT_SPEC_GFLOPS': ['30.4'], 'ERT_MPI': [False], 'ERT_TRIALS_MIN': ['1'], 'ERT_DRIVER': ['driver1'], 'ERT_RESULTS': ['Results/skylake-simd'], 'ERT_OPENMP': ['False'], 'ERT_KERNEL': ['kernel1'], 'ERT_PRECISION': ['FP64'], 'ERT_LD': ['g++'], 'ERT_NUM_EXPERIMENTS': ['5'], 'ERT_GPU': [False], 'ERT_ALIGN': ['32'], 'ERT_GNUPLOT': ['gnuplot']}
TIMESTAMP_DATA  1588790238.29
TIMESTAMP_DATA  1588789895.14
UNAME  ('Linux', 'box', '5.6.8-arch1-1-surface', '#1 SMP PREEMPT Thu, 30 Apr 2020 08:30:23 +0000', 'x86_64', '')
HOSTNAME  ('localhost', [], ['127.0.0.1'])
