fp64
8 134217728 2694716.93 2696281.91 2696583.033 0.796372157549 0.796461097052 0.796923648674 0.796372157549 0.796461097052 0.796923648674
16 67108864 1347360.849 1347888.947 1348268.032 1.59277205795 1.59322001473 1.59384447722 1.59277205795 1.59322001473 1.59384447722
24 33554432 679053.068 679548.025 680945.158 2.36526057507 2.37012348906 2.37185105539 2.36526057507 2.37012348906 2.37185105539
32 33554432 673938.99 674011.946 681661.844 3.15036504816 3.18612104836 3.18646595592 3.15036504816 3.18612104836 3.18646595592
40 16777216 347198.009 347542.048 347581.148 3.86147893153 3.8619133648 3.86574014023 3.86147893153 3.8619133648 3.86574014023
48 16777216 367287.159 367359.877 367740.87 4.37974907712 4.38429136343 4.38515939513 4.37974907712 4.38429136343 4.38515939513
56 16777216 383936.882 384047.031 389950.991 4.818677822 4.8927554188 4.89415911858 4.818677822 4.8927554188 4.89415911858
64 16777216 430533.886 431227.922 431652.784 4.97502559372 4.97992717642 4.98795499688 4.97502559372 4.97992717642 4.98795499688
72 8388608 241941.214 242238.045 242792.845 4.97526832803 4.98666323038 4.99278122991 4.97526832803 4.98666323038 4.99278122991
80 8388608 268171.072 268471.956 269108.057 4.98750314265 4.99932022695 5.00492939074 4.98750314265 4.99932022695 5.00492939074
88 8388608 295248.985 295357.943 295960.903 4.98847987364 4.99866363167 5.0005083269 4.98847987364 4.99866363167 5.0005083269
96 8388608 322017.908 322144.985 322913.17 4.98775796602 4.99965174376 5.00162474194 4.98775796602 4.99965174376 5.00162474194
104 8388608 348412.991 348999.023 350498.915 4.97813370977 4.99952821931 5.00793744513 4.97813370977 4.99952821931 5.00793744513
112 8388608 374901.056 375680.923 375895.977 4.9988515626 5.00171309471 5.01211762924 4.9988515626 5.00171309471 5.01211762924
120 8388608 401968.002 402439.117 402941.942 4.99641687834 5.00265961969 5.00852284257 4.99641687834 5.00265961969 5.00852284257
128 8388608 428910.017 429266.93 429926.157 4.9950058005 5.00267665157 5.0068395768 4.9950058005 5.00267665157 5.0068395768
136 4194304 227757.931 227946.043 228214.025 4.99903845962 5.00491551854 5.00904922604 4.99903845962 5.00491551854 5.00904922604
144 4194304 240738.153 241178.036 242164.135 4.98818519101 5.00858026723 5.01773207506 4.98818519101 5.00858026723 5.01773207506
152 4194304 254599.094 255087.137 259759.903 4.90864217793 4.9985602214 5.00814200069 4.90864217793 4.9985602214 5.00814200069
160 4194304 268152.952 268472.91 269335.985 4.98328242325 4.99930246221 5.00526759071 4.98328242325 4.99930246221 5.00526759071
176 4194304 294656.992 295423.985 299396.038 4.93124430725 4.99754618096 5.01055480808 4.93124430725 4.99754618096 5.01055480808
192 4194304 321805.0 321987.867 322252.035 4.99799089244 5.00209138626 5.00493384503 4.99799089244 5.00209138626 5.00493384503
208 4194304 348191.023 348355.055 350172.043 4.98278060422 5.0087703306 5.01112995093 4.98278060422 5.0087703306 5.01112995093
224 4194304 374909.878 375080.109 375643.015 5.00221784238 5.00972498118 5.01199968916 5.00221784238 5.00972498118 5.01199968916
240 4194304 401482.105 401933.908 402498.007 5.00192767414 5.00894768998 5.01458444829 5.00192767414 5.00894768998 5.01458444829
264 2097152 220849.991 220989.943 221089.84 5.00835432329 5.01061831578 5.01379353011 5.00835432329 5.01061831578 5.01379353011
288 2097152 240808.01 240835.905 241156.816 5.00902098492 5.01569544624 5.01627646024 5.00902098492 5.01569544624 5.01627646024
312 2097152 260807.037 260901.928 261498.928 5.00431438862 5.01576534153 5.01759025774 5.00431438862 5.01576534153 5.01759025774
336 2097152 293787.003 294074.059 294193.983 4.79032959692 4.79228310308 4.79696558939 4.79032959692 4.79228310308 4.79696558939
368 2097152 307559.967 307799.101 308837.891 4.99778012019 5.01464710906 5.01854609706 4.99778012019 5.01464710906 5.01854609706
400 2097152 334362.984 334388.018 335145.95 5.0059432316 5.01728982406 5.0176654722 5.0059432316 5.01728982406 5.0176654722
440 2097152 367642.879 368119.955 368696.928 5.00544924529 5.01329453873 5.01980009791 5.00544924529 5.01329453873 5.01980009791
480 2097152 400827.885 401451.826 402873.039 4.99727141086 5.01496266703 5.02276911198 4.99727141086 5.01496266703 5.02276911198
528 1048576 220501.9 220587.969 221636.057 4.99601134846 5.01974908704 5.02170845693 4.99601134846 5.01974908704 5.02170845693
576 1048576 240592.003 240874.052 242575.884 4.97971823118 5.01490111521 5.02078014621 4.97971823118 5.01490111521 5.02078014621
632 1048576 272019.863 272651.196 274932.861 4.82081355855 4.86115624448 4.87243853953 4.82081355855 4.86115624448 4.87243853953
688 1048576 295279.026 295433.998 295876.98 4.8764881134 4.88380005608 4.88636323259 4.8764881134 4.88380005608 4.88636323259
752 1048576 314098.12 314316.034 315016.985 5.00626435746 5.01742874498 5.02090972082 5.00626435746 5.01742874498 5.02090972082
824 1048576 350317.955 350976.944 351821.899 4.91172736237 4.92355203822 4.93281381481 4.91172736237 4.92355203822 4.93281381481
904 1048576 384057.045 384360.075 384896.04 4.9255518659 4.93242022601 4.93631202104 4.9255518659 4.93242022601 4.93631202104
992 1048576 420915.127 421247.959 425574.064 4.88839654477 4.93859908292 4.94250420228 4.88839654477 4.93859908292 4.94250420228
1088 524288 230307.102 230423.212 230574.846 4.94785406037 4.95111008174 4.95360619839 4.94785406037 4.95111008174 4.95360619839
1192 524288 251969.099 252264.023 254348.993 4.91412439758 4.95473978864 4.96053919691 4.91412439758 4.95473978864 4.96053919691
1304 524288 275218.964 275726.08 275950.909 4.955023011 4.95906337188 4.96820089767 4.955023011 4.95906337188 4.96820089767
1432 524288 301794.052 302052.021 302494.049 4.9639351153 4.97119942131 4.97544872753 4.9639351153 4.97119942131 4.97544872753
1568 524288 330311.06 330964.088 331257.82 4.96340635219 4.9678113959 4.97763280467 4.96340635219 4.9678113959 4.97763280467
1720 524288 362376.928 362476.11 362550.02 4.97462590128 4.97564024288 4.97700206786 4.97462590128 4.97564024288 4.97700206786
1888 524288 397279.978 397773.981 398145.914 4.97232652248 4.97697582688 4.98316451276 4.97232652248 4.97697582688 4.98316451276
2072 262144 217569.828 217954.874 218710.184 4.96696000219 4.98417271458 4.9929934954 4.96696000219 4.98417271458 4.9929934954
2272 262144 238556.862 239034.176 239598.036 4.97158639481 4.98331391742 4.9932847289 4.97158639481 4.98331391742 4.9932847289
2496 262144 262341.976 262552.023 262813.091 4.97929095929 4.9842421058 4.98823279428 4.97929095929 4.9842421058 4.98823279428
2744 262144 287982.941 288221.836 289363.146 4.97176745514 4.99145481816 4.99559545786 4.97176745514 4.99145481816 4.99559545786
3016 262144 316242.933 316733.122 317111.015 4.98643230037 4.99238159248 5.00011998055 4.98643230037 4.99238159248 5.00011998055
3312 262144 346962.929 347575.903 348184.109 4.98713700917 4.99586375526 5.00468986991 4.98713700917 4.99586375526 5.00468986991
3640 262144 381714.106 382040.024 382349.014 4.99127302575 4.99530991549 4.99957504845 4.99127302575 4.99530991549 4.99957504845
4000 262144 418642.044 418843.031 419934.034 4.99400341531 5.00701180343 5.00941563337 4.99400341531 5.00701180343 5.00941563337
4400 131072 230094.91 230457.067 231428.146 4.98398150759 5.00498255495 5.01286012802 4.98398150759 5.00498255495 5.01286012802
4840 131072 253407.001 253640.89 253715.038 5.00079526228 5.0022571676 5.0068741392 5.00079526228 5.0022571676 5.0068741392
5320 131072 278175.831 278289.08 279503.107 4.98959061661 5.01135754231 5.01339773116 4.98959061661 5.01135754231 5.01339773116
5848 131072 305691.957 305802.107 307209.015 4.99014689396 5.01310513207 5.01491150452 4.99014689396 5.01310513207 5.01491150452
6432 131072 336104.87 336600.065 338196.039 4.98560010633 5.00923910398 5.01661939025 4.98560010633 5.00923910398 5.01661939025
7072 131072 369779.825 369910.002 370270.014 5.00683905773 5.01171192446 5.0134762436 5.00683905773 5.01171192446 5.0134762436
7776 131072 406438.112 406629.086 407255.888 5.00528489351 5.01300033417 5.01535580403 5.00528489351 5.01300033417 5.01535580403
8552 65536 223329.782 223486.185 223757.982 5.00955422453 5.01564668975 5.01915926287 5.00955422453 5.01564668975 5.01915926287
9400 65536 245614.052 245773.077 246143.103 5.00553046168 5.01306658581 5.01631234031 5.00553046168 5.01306658581 5.01631234031
10336 65536 270066.023 270555.973 270972.967 4.99961382495 5.00731947248 5.01640368141 4.99961382495 5.00731947248 5.01640368141
11368 65536 296810.865 297010.899 297983.17 5.00037131627 5.0167401298 5.02012113337 5.00037131627 5.0167401298 5.02012113337
12504 65536 326546.192 326710.939 328083.038 4.99545571752 5.01643530216 5.01896616207 4.99545571752 5.01643530216 5.01896616207
13752 65536 358948.946 359180.927 360301.971 5.00275404821 5.01836820528 5.02161146895 5.00275404821 5.01836820528 5.02161146895
15120 65536 394685.03 395022.154 395861.864 5.00631361651 5.01695568193 5.0212409627 5.00631361651 5.01695568193 5.0212409627
16632 32768 217165.947 217335.939 217854.023 5.00332625026 5.01525314688 5.01917895995 5.00332625026 5.01525314688 5.01917895995
18288 32768 238901.138 238959.074 239217.043 5.01018804082 5.01559680466 5.01681313883 5.01018804082 5.01559680466 5.01681313883
20112 32768 262708.187 262916.803 263704.062 4.99825456614 5.01322097698 5.01720196486 4.99825456614 5.01322097698 5.01720196486
22120 32768 288893.938 289296.865 291126.013 4.97948055229 5.01096449835 5.01795340545 4.97948055229 5.01096449835 5.01795340545
24328 32768 317940.95 318381.071 319191.933 4.99498779 5.00770916748 5.01464126593 4.99498779 5.00770916748 5.01464126593
26760 32768 349889.994 350208.044 350852.966 4.99851370788 5.00771866908 5.01227068528 4.99851370788 5.00771866908 5.01227068528
29432 32768 384563.208 385002.851 385606.05 5.00214027244 5.00997732092 5.01570486171 5.00214027244 5.00997732092 5.01570486171
32368 32768 422749.043 423728.943 426275.969 4.97628156937 5.00619389599 5.01779787116 4.97628156937 5.00619389599 5.01779787116
35600 16384 232529.163 232725.859 234201.193 4.9809344908 5.01251044904 5.0167505226 4.9809344908 5.01251044904 5.0167505226
39160 16384 255717.039 256021.023 256859.064 4.99571578288 5.01206840346 5.01802650703 4.99571578288 5.01206840346 5.01802650703
43072 16384 281446.218 281774.998 282119.036 5.00279355839 5.00890180469 5.0147531064 5.00279355839 5.00890180469 5.0147531064
47376 16384 309255.123 310138.226 311048.031 4.99092298707 5.00556409322 5.01985788607 4.99092298707 5.00556409322 5.01985788607
52112 16384 340316.057 340507.984 341474.056 5.0006903482 5.01487805349 5.01770627884 5.0006903482 5.01487805349 5.01770627884
57320 16384 374394.894 374841.928 375385.046 5.00356042419 5.01081021011 5.01679320445 5.00356042419 5.01081021011 5.01679320445
63048 16384 411823.034 412142.038 412577.868 5.0074350183 5.01273025684 5.01661318925 5.0074350183 5.01273025684 5.01661318925
69352 8192 226310.015 226547.003 226892.948 5.00792632832 5.01557360262 5.02082582602 5.00792632832 5.01557360262 5.02082582602
76280 8192 248900.89 249418.02 249569.178 5.00771581657 5.01075070679 5.02116131445 5.00771581657 5.01075070679 5.02116131445
83904 8192 273812.056 274198.055 274392.128 5.00992191729 5.01346785994 5.02053545809 5.00992191729 5.01346785994 5.02053545809
92288 8192 301277.876 301748.037 302284.002 5.00207282554 5.01095750956 5.01877738942 5.00207282554 5.01095750956 5.01877738942
101512 8192 331459.045 332006.931 332649.946 4.99976815869 5.00945146835 5.01773185281 4.99976815869 5.00945146835 5.01773185281
111656 8192 364766.836 365119.934 365447.044 5.00584676777 5.01033149288 5.01518154463 5.00584676777 5.01033149288 5.01518154463
122816 8192 400990.963 401240.826 402926.207 4.99400959541 5.01498654576 5.01811145305 4.99400959541 5.01498654576 5.01811145305
135096 4096 221020.937 221073.866 221613.884 4.99384971747 5.00604821377 5.00724703742 4.99384971747 5.00604821377 5.00724703742
148600 4096 242734.909 243065.119 243428.946 5.00076601408 5.00825130734 5.01506439686 5.00076601408 5.00825130734 5.01506439686
163456 4096 267229.08 267648.935 268476.963 4.98751005314 5.00293995939 5.01080029164 4.98751005314 5.00293995939 5.01080029164
179800 4096 294074.059 294166.803 295037.985 4.99231175267 5.00709660294 5.00867572274 4.99231175267 5.00709660294 5.00867572274
197776 4096 323580.027 323928.833 324291.945 4.99605684625 5.00165723747 5.00704881887 4.99605684625 5.00165723747 5.00704881887
217552 4096 355857.849 356625.08 358353.853 4.97325749139 4.99736581622 5.00814015767 4.97325749139 4.99736581622 5.00814015767
239304 4096 391763.926 392586.946 392889.977 4.98963700466 4.99348841823 5.00397876858 4.98963700466 4.99348841823 5.00397876858
263232 2048 215818.167 216027.975 216287.136 4.9850318976 4.99101226126 4.99586428236 4.9850318976 4.99101226126 4.99586428236
289552 2048 237498.045 237889.051 238515.854 4.97243672532 4.98553837184 4.99374633589 4.97243672532 4.98553837184 4.99374633589
318504 2048 261853.933 262233.973 262767.076 4.96482437549 4.97491751002 4.98213782414 4.96482437549 4.97491751002 4.98213782414
350352 2048 288431.168 288650.036 288824.081 4.9685669804 4.97156283743 4.97533537014 4.9685669804 4.97156283743 4.97533537014
385384 2048 317386.15 317863.941 318891.048 4.95006954225 4.9660645968 4.97354047743 4.95006954225 4.9660645968 4.97354047743
423920 2048 349401.951 349869.013 350181.103 4.95850948302 4.96293257042 4.96956675551 4.95850948302 4.96293257042 4.96956675551
466312 2048 384916.067 385117.054 385386.944 4.95609408086 4.95956731119 4.96215698889 4.95609408086 4.95956731119 4.96215698889
512936 2048 423234.94 423959.97 424938.917 4.94420673642 4.95562318301 4.96411249979 4.94420673642 4.95562318301 4.96411249979
564224 1024 232516.05 232827.902 233772.039 4.94298102093 4.96302523054 4.96968167144 4.94298102093 4.96302523054 4.96968167144
620640 1024 255721.807 256218.91 263174.057 4.82977210782 4.96087786807 4.97052142291 4.82977210782 4.96087786807 4.97052142291
682704 1024 281701.088 282176.971 283424.139 4.93316411557 4.9549677532 4.96333827436 4.93316411557 4.9549677532 4.96333827436
750968 1024 309363.842 309643.984 310131.073 4.95913695175 4.96693797868 4.9714357504 4.95913695175 4.96693797868 4.9714357504
826064 1024 340520.144 341225.863 341924.906 4.94780883847 4.95794503127 4.96822024133 4.94780883847 4.95794503127 4.96822024133
908664 1024 374804.02 375133.038 375540.972 4.95536841716 4.96075707413 4.96511182564 4.95536841716 4.96075707413 4.96511182564
999528 1024 412258.148 412878.99 414112.091 4.94318661176 4.95794989229 4.96541633908 4.94318661176 4.95794989229 4.96541633908
1099480 512 226461.887 226840.019 227166.891 4.95612505433 4.96326673293 4.9715540876 4.95612505433 4.96326673293 4.9715540876
1209424 512 249089.956 249541.044 249598.98 4.9617597636 4.96291173648 4.97189929248 4.9617597636 4.96291173648 4.97189929248
1330360 512 274173.975 274718.046 275346.994 4.9475340922 4.95886112993 4.96870149692 4.9475340922 4.95886112993 4.96870149692
1463392 512 301868.916 302381.039 303344.011 4.93998019958 4.95571221316 4.96411961807 4.93998019958 4.95571221316 4.96411961807
1609728 512 332029.104 332274.914 333616.972 4.94088014203 4.96083635131 4.96450899075 4.94088014203 4.96083635131 4.96450899075
1770696 512 364622.831 365220.07 371320.009 4.88309991396 4.96465789517 4.97278982511 4.88309991396 4.96465789517 4.97278982511
1947760 512 401138.067 402359.009 403073.072 4.94824978038 4.95703139581 4.97211908836 4.94824978038 4.95703139581 4.97211908836
2142536 256 220893.86 221405.029 222099.066 4.93914023033 4.95462292322 4.9660883829 4.93914023033 4.95462292322 4.9660883829
2356784 256 242839.098 242874.146 253234.863 4.76503666875 4.9683073636 4.96902441962 4.76503666875 4.9683073636 4.96902441962
2592456 256 266863.108 267118.931 270785.093 4.90181145976 4.96908799025 4.97385150742 4.90181145976 4.96908799025 4.97385150742
2851696 256 293915.033 294142.962 295507.193 4.94088938133 4.96380515812 4.96765455342 4.94088938133 4.96380515812 4.96765455342
3136864 256 323199.034 323738.098 324697.018 4.94637855898 4.96102985074 4.96930435751 4.94637855898 4.96102985074 4.96930435751
3450544 256 355509.996 355768.919 360681.057 4.89817386778 4.96580345738 4.96942012286 4.89817386778 4.96580345738 4.96942012286
3795592 256 390964.985 392652.035 395051.956 4.9192089154 4.94927551821 4.97063209893 4.9192089154 4.94927551821 4.97063209893
4175144 256 430668.116 431056.023 445662.975 4.79661503853 4.95915522331 4.9636219831 4.79661503853 4.95915522331 4.9636219831
4592656 128 236845.016 238079.071 245597.839 4.78717541159 4.93835905467 4.96408983333 4.78717541159 4.93835905467 4.96408983333
5051920 128 260563.135 260644.197 270529.985 4.78058474738 4.96190413938 4.96344780316 4.78058474738 4.96190413938 4.96344780316
5557112 128 287823.915 288021.088 296552.896 4.79719028608 4.93929344507 4.94267709478 4.79719028608 4.93929344507 4.94267709478
6112816 128 318295.002 318376.064 326861.143 4.78760149229 4.91519643889 4.91644821994 4.78760149229 4.91519643889 4.91644821994
6724096 128 351425.171 352431.774 361399.174 4.763067267 4.88426045263 4.89825066059 4.763067267 4.88426045263 4.89825066059
7396504 128 387972.832 390720.129 404047.966 4.68633722562 4.84619266698 4.88050932391 4.68633722562 4.84619266698 4.88050932391
8136152 128 429018.021 430398.941 441998.005 4.71236269947 4.83935882175 4.85493571376 4.71236269947 4.83935882175 4.85493571376
8949760 64 237254.143 238276.958 245495.081 4.66636347797 4.80772160941 4.82844794833 4.66636347797 4.80772160941 4.82844794833
9844736 64 262018.919 263070.107 263258.934 4.78664176312 4.79007752865 4.80929473646 4.78664176312 4.79007752865 4.80929473646
10829208 64 289866.924 292028.904 292398.93 4.74057351715 4.74658023577 4.78198272805 4.74057351715 4.74658023577 4.78198272805
11912128 64 319451.094 319978.952 321721.077 4.73936118273 4.7651646287 4.77303854217 4.73936118273 4.7651646287 4.77303854217
13103336 64 351437.807 352587.938 353790.998 4.74072833249 4.75690410033 4.77247175629 4.74072833249 4.75690410033 4.77247175629
14413664 64 388258.934 388835.907 389841.08 4.73256690136 4.74480097848 4.75185199988 4.73256690136 4.74480097848 4.75185199988
15855024 64 427341.938 427784.92 429278.851 4.72756360411 4.7440734283 4.74899112757 4.72756360411 4.7440734283 4.74899112757
17440520 32 235250.95 235569.954 237090.826 4.70787207937 4.73826674857 4.74469191304 4.70787207937 4.73826674857 4.74469191304
19184568 32 258954.048 259458.065 259928.226 4.72365918429 4.73221887321 4.7414294601 4.72365918429 4.73221887321 4.7414294601
21103024 32 285125.971 285459.042 285630.941 4.72845669755 4.73130410071 4.7368309918 4.72845669755 4.73130410071 4.7368309918
23213320 32 313831.091 314093.113 315187.931 4.71354494852 4.72997470658 4.73392382911 4.71354494852 4.72997470658 4.73392382911
25534648 32 345343.113 346006.155 347225.904 4.70649641393 4.7230878653 4.73215596455 4.70649641393 4.7230878653 4.73215596455
28088112 32 379549.026 381064.177 381448.03 4.71267125957 4.71741842057 4.73625024663 4.71267125957 4.71741842057 4.73625024663
30896920 32 418725.014 419409.99 420294.046 4.7048082142 4.71472527395 4.72243791005 4.7048082142 4.71472527395 4.72243791005
33986608 16 230423.927 230436.087 230893.85 4.71026602051 4.71962299898 4.71987206433 4.71026602051 4.71962299898 4.71987206433
37385264 16 253448.963 253853.083 254664.898 4.69765742117 4.71268039711 4.72019468472 4.69765742117 4.71268039711 4.72019468472
41123784 16 278935.909 279333.83 286301.136 4.59642286575 4.71106950418 4.71779016448 4.59642286575 4.71106950418 4.71779016448
45236160 16 307085.991 307960.033 312278.986 4.63546118982 4.70047072634 4.71384941816 4.63546118982 4.70047072634 4.71384941816
49759776 16 337598.085 338418.961 339197.874 4.69434791328 4.70515253429 4.71659319987 4.69434791328 4.70515253429 4.71659319987
54735752 16 371128.082 372527.122 372910.976 4.69694961191 4.70178937468 4.71951369069 4.69694961191 4.70178937468 4.71951369069
60209320 16 409248.114 409356.117 410233.021 4.69659471903 4.70665554999 4.70789766425 4.69659471903 4.70665554999 4.70789766425
66230248 16 449209.929 450376.034 451924.086 4.68965474878 4.70577423309 4.71798996233 4.68965474878 4.70577423309 4.71798996233
72853272 8 247342.11 247399.807 248936.892 4.68252151232 4.71161382919 4.71271289794 4.68252151232 4.71161382919 4.71271289794
80138592 8 271908.045 272157.907 272430.897 4.70657875491 4.71129972351 4.71562903554 4.70657875491 4.71129972351 4.71562903554
88152448 8 299513.102 299684.048 300359.011 4.69584436073 4.70642056997 4.70910674218 4.69584436073 4.70642056997 4.70910674218
96967688 8 329355.001 329483.986 330561.161 4.69348245059 4.70882675312 4.71067086666 4.69348245059 4.70882675312 4.71067086666
106664456 8 362212.896 362976.074 363542.08 4.69445324184 4.70177352792 4.71168010539 4.69445324184 4.70177352792 4.71168010539
117330896 8 398941.994 399637.938 400073.051 4.69237888258 4.69748779456 4.70568244064 4.69237888258 4.69748779456 4.70568244064
129063984 8 438933.849 439382.076 440936.089 4.68327223722 4.69983610346 4.70463544496 4.68327223722 4.69983610346 4.70463544496
141970376 4 241250.038 241914.034 243623.018 4.66196920687 4.69490334736 4.70782519835 4.66196920687 4.69490334736 4.70782519835
156167408 4 265210.152 265754.938 265789.986 4.70047529932 4.70109520223 4.71075203788 4.70047529932 4.70109520223 4.71075203788
171784144 4 291707.039 292162.18 293255.091 4.68627210295 4.70380236073 4.71114155048 4.68627210295 4.70380236073 4.71114155048
188962552 4 320708.036 321266.174 321732.998 4.69861787693 4.70544532335 4.71363435371 4.69861787693 4.70544532335 4.71363435371
207858800 4 352930.069 353384.018 353867.054 4.69913879013 4.70556198158 4.71161441334 4.69913879013 4.70556198158 4.71161441334
228644680 4 388046.98 388751.984 389902.83 4.69131614151 4.7052041283 4.71375254615 4.69131614151 4.7052041283 4.71375254615
251509144 4 427002.907 427974.939 428625.107 4.69424940149 4.70138077875 4.71208303039 4.69424940149 4.70138077875 4.71208303039
276660056 2 235118.866 235481.024 236006.021 4.68903386156 4.69948790438 4.70672661376 4.68903386156 4.69948790438 4.70672661376
304326056 2 258450.031 259054.899 259143.114 4.6974206847 4.69902027987 4.71001771325 4.6974206847 4.69902027987 4.71001771325
334758656 2 284356.117 284589.052 285144.806 4.69598111494 4.70515156711 4.70900586957 4.69598111494 4.70515156711 4.70900586957
368234520 2 312906.027 313385.01 313750.029 4.69462292862 4.70009104775 4.70728574365 4.69462292862 4.70009104775 4.70728574365
405057968 2 344078.064 344483.137 345140.934 4.69440658117 4.70337063843 4.70890777856 4.69440658117 4.70337063843 4.70890777856
445563760 2 378503.084 378931.046 379600.048 4.6950864453 4.70337561098 4.70869357566 4.6950864453 4.70337561098 4.70869357566
490120136 2 416702.986 417156.219 417783.976 4.69256998023 4.69963158814 4.70474321007 4.69256998023 4.69963158814 4.70474321007
539132144 1 228852.987 229359.15 229493.856 4.6984451209 4.70120458678 4.71160242274 4.6984451209 4.70120458678 4.71160242274
593045352 1 252157.927 252497.911 253274.918 4.68301683154 4.69742778981 4.70376132177 4.68301683154 4.69742778981 4.70376132177
652349880 1 277339.22 277803.898 277933.836 4.6942818434 4.69647751307 4.70434639572 4.6942818434 4.69647751307 4.70434639572
717584864 1 305061.102 305351.019 306031.942 4.68960762272 4.70006529764 4.70453203831 4.68960762272 4.70006529764 4.70453203831
789343344 1 335207.939 335680.962 336202.145 4.69564728089 4.70293780915 4.7095742801 4.69564728089 4.70293780915 4.7095742801
868277672 1 368471.146 369636.059 369889.021 4.69480099546 4.69801390237 4.71286656459 4.69480099546 4.69801390237 4.71286656459
955105432 1 405971.05 406303.883 406978.13 4.69364499758 4.70143393633 4.70528837955 4.69364499758 4.70143393633 4.70528837955
1050615968 1 446236.134 446819.067 447529.078 4.69518527241 4.70264608471 4.70878930661 4.69518527241 4.70264608471 4.70878930661

META_DATA
ERT_VERSION  1.1.0
TIMESTAMP_DATA  1588790611.84
TIMESTAMP_DATA  1588790468.35
CONFIG  {'ERT': ['GPU', 'False'], 'ERT_WORKING_SET_MIN': ['1'], 'ERT_CFLAGS': ['-O3', '-march=skylake'], 'ERT_CC': ['gcc'], 'ERT_WSS_MULT': [1.1], 'ERT_HIP': [False], 'ERT_MEMORY_MAX': ['1073741824'], 'ERT_LDFLAGS': [], 'ERT_LDLIBS': [], 'ERT_SPEC_GBYTES_DRAM': ['18.75'], 'ERT_RUN': ['ERT_CODE'], 'ERT_OCL': [False], 'ERT_FLOPS': ['1,2,4,8,16'], 'ERT_SPEC_GFLOPS': ['30.4'], 'ERT_MPI': [False], 'ERT_TRIALS_MIN': ['1'], 'ERT_DRIVER': ['driver1'], 'ERT_RESULTS': ['Results/skylake-simd'], 'ERT_OPENMP': ['False'], 'ERT_KERNEL': ['kernel1'], 'ERT_PRECISION': ['FP64'], 'ERT_LD': ['g++'], 'ERT_NUM_EXPERIMENTS': ['5'], 'ERT_GPU': [False], 'ERT_ALIGN': ['32'], 'ERT_GNUPLOT': ['gnuplot']}
UNAME  ('Linux', 'box', '5.6.8-arch1-1-surface', '#1 SMP PREEMPT Thu, 30 Apr 2020 08:30:23 +0000', 'x86_64', '')
FLOPS          16
TIMESTAMP_DATA  1588790755.26
TIMESTAMP_DATA  1588790899.03
TIMESTAMP_DATA  1588790324.68
HOSTNAME  ('localhost', [], ['127.0.0.1'])
