fp64
8 134217728 2695142.984 2695681.095 2700040.817 0.795352290409 0.796638612773 0.79679766927 0.795352290409 0.796638612773 0.79679766927
16 67108864 1347099.066 1347705.126 1348647.118 1.59232435182 1.59343732288 1.59415421048 1.59232435182 1.59343732288 1.59415421048
24 33554432 677039.862 678053.141 683349.133 2.35693975191 2.37534883125 2.37890385249 2.35693975191 2.37534883125 2.37890385249
32 33554432 673873.901 674382.925 675014.019 3.18139118234 3.18436835867 3.18677373439 3.18139118234 3.18436835867 3.18677373439
40 16777216 346770.048 347117.901 348161.936 3.85503738697 3.8666322772 3.87051098485 3.85503738697 3.8666322772 3.87051098485
48 16777216 357934.952 358606.815 359614.849 4.47871588306 4.49130543155 4.49973585145 4.47871588306 4.49130543155 4.49973585145
56 16777216 378757.0 379395.008 382240.057 4.9158850769 4.95274885641 4.96109165507 4.9158850769 4.95274885641 4.96109165507
64 16777216 396923.78 398088.932 404543.877 5.30840724602 5.39448217566 5.41031743676 5.30840724602 5.39448217566 5.41031743676
72 8388608 223048.925 223149.776 225626.945 5.35379119723 5.41322323353 5.41567080855 5.35379119723 5.41322323353 5.41567080855
80 8388608 246901.035 247688.055 248870.85 5.39306744844 5.41882118619 5.43609418243 5.39306744844 5.41882118619 5.43609418243
88 8388608 271992.922 272534.847 275543.928 5.35811120469 5.41727057751 5.42806407293 5.35811120469 5.41727057751 5.42806407293
96 8388608 296367.168 297086.0 299802.065 5.37225364342 5.42136868112 5.43451809075 5.37225364342 5.42136868112 5.43451809075
104 8388608 321460.962 322384.119 332859.993 5.24193504985 5.41227176268 5.42781447907 5.24193504985 5.41227176268 5.42781447907
112 8388608 345362.902 345858.812 346827.03 5.41782511011 5.43299209621 5.44079338319 5.41782511011 5.43299209621 5.44079338319
120 8388608 370377.064 371340.036 371859.074 5.41405618624 5.42162364631 5.43571974532 5.41405618624 5.42162364631 5.43571974532
128 8388608 394594.193 395907.164 399188.995 5.37961635941 5.42421012619 5.44225861935 5.37961635941 5.42421012619 5.44225861935
136 4194304 210453.987 210588.932 211520.91 5.39355985184 5.4174294782 5.42090318298 5.39355985184 5.4174294782 5.42090318298
144 4194304 222364.902 223057.985 269259.93 4.48622099842 5.41545083894 5.43233010756 4.48622099842 5.41545083894 5.43233010756
152 4194304 235131.025 235338.926 244974.136 5.20491035021 5.41800898675 5.42279954761 5.20491035021 5.41800898675 5.42279954761
160 4194304 247493.029 248012.781 265722.99 5.05103935493 5.41172626099 5.42309124998 5.05103935493 5.41172626099 5.42309124998
176 4194304 271937.132 272403.002 283642.054 5.20513438392 5.41989257519 5.42917768214 5.20513438392 5.41989257519 5.42917768214
192 4194304 296491.861 297793.15 303868.055 5.30036872747 5.40849490997 5.4322325428 5.30036872747 5.40849490997 5.4322325428
208 4194304 321101.189 321492.91 323876.143 5.3873386531 5.42727509605 5.43389599221 5.3873386531 5.42727509605 5.43389599221
224 4194304 345681.19 346146.107 385585.785 4.87322994026 5.42848281116 5.4357837405 4.87322994026 5.42848281116 5.4357837405
240 4194304 370488.167 370911.121 385810.137 5.21828155075 5.42789311513 5.43408966689 5.21828155075 5.42789311513 5.43408966689
264 2097152 203443.05 204001.904 206386.805 5.36515043198 5.42787216339 5.44278241995 5.36515043198 5.42787216339 5.44278241995
288 2097152 222213.03 222472.906 222558.022 5.42761631841 5.42969287235 5.43604284591 5.42761631841 5.42969287235 5.43604284591
312 2097152 240705.967 241024.017 244543.076 5.35129789567 5.42942925061 5.43660327291 5.35129789567 5.42942925061 5.43660327291
336 2097152 272439.957 272822.857 296581.984 4.75175910887 5.16557212067 5.17283206002 4.75175910887 5.16557212067 5.17283206002
368 2097152 283697.844 283748.15 335949.898 4.59444661597 5.43969668877 5.44066126918 4.59444661597 5.43969668877 5.44066126918
400 2097152 308007.002 308348.894 311543.941 5.38518449312 5.44098465292 5.44702422057 5.38518449312 5.44098465292 5.44702422057
440 2097152 339123.011 339403.152 344465.971 5.3575502818 5.43746794667 5.44195970235 5.3575502818 5.43746794667 5.44195970235
480 2097152 369393.826 369818.926 370213.032 5.43812817481 5.44392344052 5.45018833098 5.43812817481 5.44392344052 5.45018833098
528 1048576 203444.958 203976.87 204483.032 5.41510092632 5.42853832398 5.44273137504 5.41510092632 5.42853832398 5.44273137504
576 1048576 221616.983 221725.941 221920.013 5.44322044538 5.44798478045 5.45066328243 5.44322044538 5.44798478045 5.45066328243
632 1048576 251847.029 252405.167 259255.886 5.11232390689 5.25108134573 5.26271867992 5.11232390689 5.25108134573 5.26271867992
688 1048576 272190.809 273270.13 276088.953 5.225998941 5.27990591581 5.30084238076 5.225998941 5.27990591581 5.30084238076
752 1048576 288862.944 289554.834 289803.028 5.44182824756 5.44649274963 5.45953829232 5.44182824756 5.44649274963 5.45953829232
824 1048576 323374.987 323754.072 323905.945 5.33504640676 5.33754907645 5.34380616148 5.33504640676 5.33754907645 5.34380616148
904 1048576 354212.046 354458.094 355745.077 5.32916835839 5.34851775172 5.35223301807 5.32916835839 5.34851775172 5.35223301807
992 1048576 388383.865 389241.934 392556.906 5.29954957409 5.34468309368 5.35649127443 5.29954957409 5.34468309368 5.35649127443
1088 524288 212309.122 213237.047 231944.084 4.9186453404 5.35015234946 5.37353589546 4.9186453404 5.35015234946 5.37353589546
1192 524288 232231.14 233031.034 233677.864 5.34882752951 5.36367440227 5.38214897451 5.34882752951 5.36367440227 5.38214897451
1304 524288 254056.931 254564.047 255160.809 5.35875046548 5.37131272116 5.38203424964 5.35875046548 5.37131272116 5.38203424964
1432 524288 278856.039 279631.138 279914.856 5.36434847888 5.36979122833 5.38471692198 5.36434847888 5.36979122833 5.38471692198
1568 524288 304458.141 305438.042 317456.961 5.17918133791 5.38298097131 5.40030613929 5.17918133791 5.38298097131 5.40030613929
1720 524288 333590.031 334362.984 335253.0 5.3796706368 5.39399038262 5.40648866093 5.3796706368 5.39399038262 5.40648866093
1888 524288 365989.923 367452.86 373332.024 5.30281722631 5.38766112203 5.40919671168 5.30281722631 5.38766112203 5.40919671168
2072 262144 200783.968 201286.077 201576.948 5.38913177711 5.39691941038 5.41041571606 5.38913177711 5.39691941038 5.41041571606
2272 262144 219868.898 220697.88 220999.956 5.38996639438 5.39734380774 5.4176936658 5.38996639438 5.39734380774 5.4176936658
2496 262144 241482.019 241741.896 242436.171 5.39780364705 5.41330596662 5.41913163315 5.39780364705 5.41330596662 5.41913163315
2744 262144 265429.974 266135.931 266510.963 5.3980753955 5.40568222635 5.42005957473 5.3980753955 5.40568222635 5.42005957473
3016 262144 291356.087 291724.92 292649.984 5.4032212351 5.42035492888 5.42721665534 5.4032212351 5.42035492888 5.42721665534
3312 262144 319633.007 320260.048 321069.002 5.40831361852 5.42197463232 5.43261120714 5.40831361852 5.42197463232 5.43261120714
3640 262144 352228.88 352359.056 353462.934 5.39917523573 5.41608988758 5.41809155456 5.39917523573 5.41608988758 5.41809155456
4000 262144 386290.073 386715.889 387331.963 5.41435306231 5.42297862501 5.42895649301 5.41435306231 5.42297862501 5.42895649301
4400 131072 211974.859 212430.0 212856.054 5.41884329022 5.42971143435 5.4413698183 5.41884329022 5.42971143435 5.4413698183
4840 131072 232998.133 233802.08 234243.155 5.41649535074 5.4267137401 5.44543831173 5.41649535074 5.4267137401 5.44543831173
5320 131072 256104.946 256873.131 257029.772 5.42585424695 5.4291629279 5.44544766426 5.42585424695 5.4291629279 5.44544766426
5848 131072 281548.977 282276.154 282618.046 5.42434615799 5.43091610919 5.44494293084 5.42434615799 5.43091610919 5.44494293084
6432 131072 309762.955 310468.912 325181.961 5.18512835956 5.4308503777 5.44322741239 5.18512835956 5.4308503777 5.44322741239
7072 131072 340631.962 341607.809 345113.993 5.37179716153 5.42693205236 5.44247919988 5.37179716153 5.42693205236 5.44247919988
7776 131072 374147.177 374623.06 380715.847 5.3542077643 5.44128742101 5.44820827019 5.3542077643 5.44128742101 5.44820827019
8552 65536 205692.053 206028.223 206764.936 5.42126612802 5.44065141988 5.44954327428 5.42126612802 5.44065141988 5.44954327428
9400 65536 225980.997 226408.958 226822.138 5.43190718007 5.44182001845 5.45212569356 5.43190718007 5.44182001845 5.45212569356
10336 65536 248610.973 248879.91 249249.935 5.43534822587 5.44342929086 5.44931776603 5.43534822587 5.44342929086 5.44931776603
11368 65536 273756.027 273913.145 274524.927 5.42765464791 5.43977725494 5.44289933021 5.42765464791 5.43977725494 5.44289933021
12504 65536 300613.88 301041.842 301330.09 5.43896657649 5.44417439487 5.45192486787 5.43896657649 5.44417439487 5.45192486787
13752 65536 330586.195 331304.073 332586.05 5.4196564889 5.44062778244 5.45244227152 5.4196564889 5.44062778244 5.45244227152
15120 65536 363429.07 364388.943 367697.001 5.38978733743 5.4387178263 5.45308233048 5.38978733743 5.4387178263 5.45308233048
16632 32768 199959.993 200582.981 200879.097 5.42612331635 5.43413377628 5.45106416362 5.42612331635 5.43413377628 5.45106416362
18288 32768 220010.042 220394.85 220686.197 5.43088958119 5.4380688478 5.44758028818 5.43088958119 5.4380688478 5.44758028818
20112 32768 241755.009 242156.982 243679.047 5.40900027404 5.44299826135 5.45204849096 5.40900027404 5.44299826135 5.45204849096
22120 32768 265977.144 266336.203 266802.073 5.43345223558 5.44295632239 5.45030410583 5.43345223558 5.44295632239 5.45030410583
24328 32768 292494.059 292614.937 301695.108 5.28467239184 5.44866172707 5.4509134765 5.28467239184 5.44866172707 5.4509134765
26760 32768 321715.117 322386.026 324832.916 5.39890901943 5.439886405 5.45123081674 5.39890901943 5.439886405 5.45123081674
29432 32768 353986.025 354711.056 355143.07 5.43120706818 5.4378219099 5.44895960794 5.43120706818 5.4378219099 5.44895960794
32368 32768 389006.853 389776.945 454437.017 4.66790593338 5.44226454441 5.45303824763 4.66790593338 5.44226454441 5.45303824763
35600 16384 214114.904 214598.894 216686.01 5.38355383442 5.43591245163 5.44819990672 5.38355383442 5.43591245163 5.44819990672
39160 16384 235487.938 236003.876 244091.988 5.25701351574 5.43717714196 5.44908962598 5.25701351574 5.43717714196 5.44908962598
43072 16384 259010.077 259521.008 283478.022 4.97881030086 5.43841636127 5.44914434352 4.97881030086 5.43841636127 5.44914434352
47376 16384 284934.998 285382.032 303468.943 5.11557048525 5.43978454817 5.44831901626 5.11557048525 5.43978454817 5.44831901626
52112 16384 313333.988 314234.972 351385.832 4.85963251928 5.43416923053 5.44979504745 4.85963251928 5.43416923053 5.44979504745
57320 16384 345179.081 345460.892 346992.016 5.41298264338 5.43697363 5.44141248235 5.41298264338 5.43697363 5.44141248235
63048 16384 379112.959 379778.147 386914.015 5.33957619498 5.43990453458 5.44944933945 5.33957619498 5.43990453458 5.44944933945
69352 8192 208504.915 208752.155 208955.05 5.43783540048 5.44312066144 5.44957498004 5.43783540048 5.44312066144 5.44957498004
76280 8192 229285.002 229553.938 229902.983 5.43608222778 5.44434798588 5.45073384259 5.43608222778 5.44434798588 5.45073384259
83904 8192 252169.847 252856.016 254045.01 5.41117944415 5.43662420118 5.45141757571 5.41117944415 5.43662420118 5.45141757571
92288 8192 277427.912 277765.036 278218.031 5.43475412634 5.44361743211 5.45023239046 5.43475412634 5.44361743211 5.45023239046
101512 8192 305288.076 305807.829 308265.924 5.39525285967 5.43862010805 5.44787935969 5.39525285967 5.43862010805 5.44787935969
111656 8192 335476.875 336101.055 338124.99 5.41034220511 5.44292223064 5.4530491975 5.41034220511 5.44292223064 5.4530491975
122816 8192 368916.988 369823.933 373197.079 5.39183572763 5.44101439752 5.4543905796 5.39183572763 5.44101439752 5.4543905796
135096 4096 203108.072 203288.078 204054.117 5.42359276191 5.44403018066 5.44885499184 5.42359276191 5.44403018066 5.44885499184
148600 4096 223387.957 223630.905 228089.094 5.33708639309 5.44348376178 5.4494038817 5.33708639309 5.44348376178 5.4494038817
163456 4096 245898.962 246342.897 247201.92 5.41675223235 5.43564100409 5.44545426751 5.41675223235 5.43564100409 5.44545426751
179800 4096 270425.081 271884.918 272462.845 5.40595397512 5.41744503827 5.44669005757 5.40595397512 5.41744503827 5.44669005757
197776 4096 297722.816 298768.044 300440.073 5.3926927118 5.4228724408 5.44191074694 5.3926927118 5.4228724408 5.44191074694
217552 4096 327471.972 328918.934 330656.052 5.38984837332 5.41831375387 5.44225502145 5.38984837332 5.41831375387 5.44225502145
239304 4096 360527.039 362098.932 362577.915 5.4067782038 5.4139302681 5.43753493063 5.4067782038 5.4139302681 5.43753493063
263232 2048 198401.928 199420.929 202814.102 5.31618985745 5.40664551813 5.43441428654 5.31618985745 5.40664551813 5.43441428654
289552 2048 218899.012 219552.994 219949.007 5.39218161599 5.40190762327 5.4180463455 5.39218161599 5.40190762327 5.4180463455
318504 2048 241264.105 241806.03 243660.927 5.3541304306 5.39520203032 5.40732067872 5.3541304306 5.39520203032 5.40732067872
350352 2048 265709.877 265914.917 266597.033 5.38281231359 5.39662012267 5.4007845256 5.38281231359 5.39662012267 5.4007845256
385384 2048 292289.972 292752.981 297403.097 5.30772167447 5.39203002684 5.40057140243 5.30772167447 5.39203002684 5.40057140243
423920 2048 321578.979 322906.971 329707.146 5.26642003689 5.37732683386 5.39953303353 5.26642003689 5.37732683386 5.39953303353
466312 2048 354548.931 354637.146 355518.103 5.37248015188 5.38582597323 5.38716601574 5.37248015188 5.38582597323 5.38716601574
512936 2048 389909.029 390830.994 391646.147 5.3645002564 5.37568895061 5.3884001132 5.3645002564 5.37568895061 5.3884001132
564224 1024 214156.866 214812.994 215312.004 5.36677347539 5.37924047556 5.39572124669 5.36677347539 5.37924047556 5.39572124669
620640 1024 235613.108 236439.943 245007.992 5.18787452452 5.37587136874 5.39473686668 5.18787452452 5.37587136874 5.39473686668
682704 1024 259757.996 259895.086 260092.974 5.37568458885 5.37977771538 5.38261694935 5.37568458885 5.37977771538 5.38261694935
750968 1024 285408.974 285874.844 286061.049 5.37641342425 5.37991535904 5.38869693705 5.37641342425 5.37991535904 5.38869693705
826064 1024 313877.106 314218.998 314918.041 5.3721249714 5.38407633774 5.38994096626 5.3721249714 5.38407633774 5.38994096626
908664 1024 345082.998 345978.975 346937.18 5.36392171055 5.37877734333 5.39274285544 5.36392171055 5.37877734333 5.39274285544
999528 1024 379581.928 380141.02 381289.005 5.36871852363 5.38493147622 5.39286302376 5.36871852363 5.38493147622 5.39286302376
1099480 512 208686.113 209227.085 209360.838 5.37764144792 5.38107922308 5.39502846555 5.37764144792 5.38107922308 5.39502846555
1209424 512 229614.019 230046.034 230437.04 5.37435377576 5.38348848909 5.39361743413 5.37435377576 5.38348848909 5.39361743413
1330360 512 252804.995 252876.997 253117.085 5.38204933895 5.38715919661 5.38869352641 5.38204933895 5.38715919661 5.38869352641
1463392 512 277888.06 278300.047 278805.971 5.37475364184 5.38452445177 5.3925073571 5.37475364184 5.38452445177 5.3925073571
1609728 512 305485.964 305679.083 306356.907 5.38052655036 5.3924575271 5.39586647588 5.38052655036 5.3924575271 5.39586647588
1770696 512 336166.859 337133.884 337393.045 5.37412590707 5.37825709622 5.39372830919 5.37412590707 5.37825709622 5.39372830919
1947760 512 369727.135 370297.909 370793.819 5.37901695713 5.38622063891 5.39453572971 5.37901695713 5.38622063891 5.39453572971
2142536 256 203362.942 203718.901 204041.958 5.37623948894 5.38476511809 5.39419041253 5.37623948894 5.38476511809 5.39419041253
2356784 256 223708.868 223996.878 224772.93 5.36841072455 5.38700993859 5.39394534865 5.36841072455 5.38700993859 5.39394534865
2592456 256 246390.82 246528.149 247241.974 5.3685765832 5.38412135646 5.38712226373 5.3685765832 5.38412135646 5.38712226373
2851696 256 270833.015 271702.051 272882.938 5.35053002105 5.37378480076 5.39102794392 5.35053002105 5.37378480076 5.39102794392
3136864 256 297745.943 298157.93 299777.031 5.35756312831 5.3866565548 5.394109998 5.35756312831 5.3866565548 5.394109998
3450544 256 328024.149 328722.0 328766.108 5.3736637841 5.37438482365 5.3858184935 5.3736637841 5.37438482365 5.3858184935
3795592 256 360563.993 361011.028 363604.069 5.34466819732 5.38305745053 5.38973148104 5.34466819732 5.38305745053 5.38973148104
4175144 256 396790.981 397342.92 402249.098 5.31430334742 5.37992152471 5.38740503278 5.31430334742 5.37992152471 5.38740503278
4592656 128 218558.073 219304.085 221270.084 5.31350607703 5.36114015386 5.37943952315 5.31350607703 5.36114015386 5.37943952315
5051920 128 240944.862 242076.874 245391.846 5.27031171199 5.34248273546 5.36758289538 5.27031171199 5.34248273546 5.36758289538
5557112 128 266542.196 266960.859 267452.955 5.31914359294 5.32894851076 5.33731879361 5.31914359294 5.32894851076 5.33731879361
6112816 128 293457.031 294420.958 295217.991 5.30076399036 5.31511379703 5.33257250872 5.30076399036 5.31511379703 5.33257250872
6724096 128 325366.02 325680.017 327599.049 5.25449808617 5.28545961111 5.29056038489 5.25449808617 5.28545961111 5.29056038489
7396504 128 359932.899 360677.004 362452.984 5.22413970249 5.24986345955 5.26071673154 5.22413970249 5.24986345955 5.26071673154
8136152 128 397512.913 398871.899 399209.023 5.21745449626 5.22186425572 5.23971635608 5.21745449626 5.22186425572 5.23971635608
8949760 64 219209.909 219583.988 220907.927 5.18573188186 5.21699824488 5.2259009879 5.18573188186 5.21699824488 5.2259009879
9844736 64 242468.119 243248.94 244996.071 5.14345476177 5.1803975302 5.19707998395 5.14345476177 5.1803975302 5.19707998395
10829208 64 268161.058 268807.173 269512.892 5.1431254873 5.15662810828 5.16905263702 5.1431254873 5.15662810828 5.16905263702
11912128 64 295296.907 295718.908 297084.808 5.13238086547 5.15608688775 5.16345531516 5.13238086547 5.15608688775 5.16345531516
13103336 64 325562.954 326554.06 326976.061 5.12951010196 5.13613889229 5.15177475629 5.12951010196 5.13613889229 5.15177475629
14413664 64 358744.144 359541.893 361597.061 5.10222341658 5.13138810225 5.14279890796 5.10222341658 5.13138810225 5.14279890796
15855024 64 394958.973 396839.142 412070.036 4.92499549761 5.11401940285 5.13836426246 4.92499549761 5.11401940285 5.13836426246
17440520 32 217895.985 218104.124 218961.954 5.09765856401 5.11770827405 5.12259682068 5.09765856401 5.11770827405 5.12259682068
19184568 32 239751.101 240859.985 241658.926 5.08076557454 5.09761865177 5.12119588556 5.08076557454 5.09761865177 5.12119588556
21103024 32 264164.925 265019.178 265594.959 5.0851625388 5.09621056933 5.11269062689 5.0851625388 5.09621056933 5.11269062689
23213320 32 290758.848 291748.047 293036.938 5.06984713306 5.0922448163 5.10956928815 5.06984713306 5.0922448163 5.10956928815
25534648 32 319998.026 320593.834 328850.985 4.96947719953 5.0974700655 5.10696110357 4.96947719953 5.0974700655 5.10696110357
28088112 32 352001.905 353140.116 358762.98 5.01065959481 5.09044168746 5.10690181634 5.01065959481 5.09044168746 5.10690181634
30896920 32 387380.838 389239.073 389878.988 5.07183752103 5.08017569963 5.10454489749 5.07183752103 5.08017569963 5.10454489749
33986608 16 213339.806 213575.125 214239.836 5.07642031615 5.09221968616 5.09783652845 5.07642031615 5.09221968616 5.09783652845
37385264 16 234876.871 235493.898 235664.129 5.07641299962 5.08008257607 5.09342807108 5.07641299962 5.08008257607 5.09342807108
41123784 16 258263.111 259497.166 260226.011 5.05699289223 5.07119637677 5.09542800327 5.05699289223 5.07119637677 5.09542800327
45236160 16 284495.831 285187.006 286305.189 5.05599330929 5.07581723411 5.08814879611 5.05599330929 5.07581723411 5.08814879611
49759776 16 313022.852 313359.976 314916.849 5.05629608913 5.08141739199 5.08689005236 5.05629608913 5.08141739199 5.08689005236
54735752 16 344063.997 344418.049 344639.778 5.08224579926 5.0855176408 5.09075078844 5.08224579926 5.0855176408 5.09075078844
60209320 16 378684.998 379510.164 379565.954 5.07605653167 5.07680273881 5.08786524466 5.07605653167 5.07680273881 5.08786524466
66230248 16 416557.074 418015.957 420508.146 5.04001636154 5.0700646722 5.08782125736 5.04001636154 5.0700646722 5.08782125736
72853272 8 229223.013 229534.149 229944.944 5.06926715466 5.07833957203 5.08523265943 5.06926715466 5.07833957203 5.08523265943
80138592 8 251931.906 252298.117 253695.011 5.0541690471 5.08215236501 5.0895398378 5.0541690471 5.08215236501 5.0895398378
88152448 8 277158.022 277465.82 278453.827 5.06525330679 5.08328978322 5.0889350336 5.06525330679 5.08328978322 5.0889350336
96967688 8 304768.085 305423.975 306975.842 5.05408828881 5.0797682402 5.09070038616 5.05408828881 5.0797682402 5.09070038616
106664456 8 335315.228 335965.157 336020.947 5.07894317672 5.07978658037 5.08963254123 5.07894317672 5.07978658037 5.08963254123
117330896 8 369172.812 369420.052 369783.878 5.07673386453 5.08173372246 5.08513702791 5.07673386453 5.08173372246 5.08513702791
129063984 8 405901.909 406046.152 407629.967 5.06592721629 5.08568726444 5.08749453553 5.06592721629 5.08568726444 5.08749453553
141970376 4 223219.156 223423.004 224113.941 5.06779276172 5.08346494169 5.08810725904 5.06779276172 5.08346494169 5.08810725904
156167408 4 245630.98 246032.0 246393.204 5.07051024021 5.0779543474 5.08624467484 5.07051024021 5.0779543474 5.08624467484
171784144 4 270264.864 270779.848 271409.988 5.06345828364 5.07524161104 5.08491237692 5.06345828364 5.07524161104 5.08491237692
188962552 4 297103.882 298048.019 300005.198 5.03891407908 5.07200289763 5.08812071328 5.03891407908 5.07200289763 5.08812071328
207858800 4 326921.94 327519.894 327707.052 5.07425882309 5.07715845804 5.08644479474 5.07425882309 5.07715845804 5.08644479474
228644680 4 359860.182 360592.127 361181.974 5.06436525539 5.07264940923 5.08296702857 5.06436525539 5.07264940923 5.08296702857
251509144 4 395643.95 396024.942 399816.036 5.03249737587 5.08067280267 5.08556532205 5.03249737587 5.08067280267 5.08556532205
276660056 2 217801.809 218173.027 218463.182 5.06556854967 5.07230540465 5.08095056272 5.06556854967 5.07230540465 5.08095056272
304326056 2 239285.946 240233.898 244014.978 4.98864550847 5.06716260334 5.08723660687 4.98864550847 5.06716260334 5.08723660687
334758656 2 263251.066 263793.945 265188.932 5.04936089867 5.07606277316 5.08653068094 5.04936089867 5.07606277316 5.08653068094
368234520 2 289787.054 290399.075 291647.911 5.05039818372 5.07211698247 5.08282913149 5.05039818372 5.07211698247 5.08282913149
405057968 2 318547.01 319382.906 320644.14 5.05305311989 5.07300748275 5.08631951058 5.05305311989 5.07300748275 5.08631951058
445563760 2 350629.091 350841.045 353570.938 5.04072831914 5.07995020936 5.08302102064 5.04072831914 5.07995020936 5.08302102064
490120136 2 385446.072 386296.988 387506.962 5.05921373356 5.07506039369 5.08626416616 5.05921373356 5.07506039369 5.08626416616
539132144 1 212071.896 212130.07 213535.07 5.04958875373 5.08303366892 5.08442800926 5.04958875373 5.08303366892 5.08442800926
593045352 1 233359.098 233841.896 234555.96 5.05674937443 5.07219075918 5.08268464425 5.05674937443 5.07219075918 5.08268464425
652349880 1 256684.065 257117.987 257297.039 5.07079197285 5.07432317444 5.08290127009 5.07079197285 5.07432317444 5.08290127009
717584864 1 282727.003 283030.987 289132.833 4.96370375204 5.07071590716 5.07616786784 4.96370375204 5.07071590716 5.07616786784
789343344 1 310393.81 311033.964 312145.948 5.05752741022 5.07560868176 5.08607658123 5.05752741022 5.07560868176 5.08607658123
868277672 1 341454.029 341828.108 343281.984 5.0586847692 5.08020055507 5.08576615448 5.0586847692 5.08020055507 5.08576615448
955105432 1 375977.993 377209.902 392899.036 4.86183647445 5.06405280952 5.08064540895 4.86183647445 5.06405280952 5.08064540895
1050615968 1 413247.824 414844.036 419153.929 5.01303170655 5.06511303925 5.08467755658 5.01303170655 5.06511303925 5.08467755658

META_DATA
ERT_VERSION  1.1.0
CONFIG  {'ERT': ['GPU', 'False'], 'ERT_WORKING_SET_MIN': ['1'], 'ERT_CFLAGS': ['-O3', '-march=skylake', '-fno-tree-vectorize'], 'ERT_CC': ['gcc'], 'ERT_WSS_MULT': [1.1], 'ERT_HIP': [False], 'ERT_MEMORY_MAX': ['1073741824'], 'ERT_LDFLAGS': [], 'ERT_LDLIBS': [], 'ERT_SPEC_GBYTES_DRAM': ['18.75'], 'ERT_RUN': ['ERT_CODE'], 'ERT_OCL': [False], 'ERT_FLOPS': ['1,2,4,8,16'], 'ERT_SPEC_GFLOPS': ['8'], 'ERT_MPI': [False], 'ERT_TRIALS_MIN': ['1'], 'ERT_DRIVER': ['driver1'], 'ERT_RESULTS': ['Results/skylake-scalar'], 'ERT_OPENMP': ['False'], 'ERT_KERNEL': ['kernel1'], 'ERT_PRECISION': ['FP64'], 'ERT_LD': ['g++'], 'ERT_NUM_EXPERIMENTS': ['5'], 'ERT_GPU': [False], 'ERT_ALIGN': ['32'], 'ERT_GNUPLOT': ['gnuplot']}
TIMESTAMP_DATA  1588785775.16
TIMESTAMP_DATA  1588786200.75
UNAME  ('Linux', 'box', '5.6.8-arch1-1-surface', '#1 SMP PREEMPT Thu, 30 Apr 2020 08:30:23 +0000', 'x86_64', '')
TIMESTAMP_DATA  1588785633.73
TIMESTAMP_DATA  1588786057.95
FLOPS          16
TIMESTAMP_DATA  1588785916.45
HOSTNAME  ('localhost', [], ['127.0.0.1'])
