fp64
8 134217728 739849.091 740450.144 746512.89 2.87668662761 2.90024070547 2.90259685945 0.179792914225 0.181265044092 0.181412303715
16 67108864 371945.143 372076.035 373929.977 5.74301013583 5.77162581299 5.773656918 0.358938133489 0.360726613312 0.360853557375
24 33554432 195219.994 195361.137 204591.036 7.87235241333 8.2442842048 8.25024477769 0.492022025833 0.5152677628 0.515640298606
32 33554432 248343.945 248868.942 253457.069 8.47277077918 8.62897407263 8.64721565086 0.529548173699 0.539310879539 0.540450978179
40 16777216 150803.089 150924.921 151004.076 8.88835133166 8.89301297034 8.90019752845 0.555521958228 0.555813310646 0.556262345528
48 16777216 177311.182 177704.096 178200.006 9.03823053743 9.06345307876 9.08353730336 0.56488940859 0.566465817423 0.56772108146
56 16777216 204051.971 204235.077 205923.796 9.12496869473 9.20041855494 9.2086745489 0.570310543421 0.575026159684 0.575542159306
64 16777216 230643.988 230721.951 231595.993 9.27254232762 9.30766942067 9.31081562811 0.579533895476 0.581729338792 0.581925976757
72 8388608 128623.962 128678.083 128931.999 9.36896628741 9.38745374377 9.39140369506 0.585560392963 0.586715858986 0.586962730941
80 8388608 141907.93 142102.003 160521.984 8.36132999702 9.44516791927 9.45808511195 0.522583124814 0.590322994955 0.591130319497
88 8388608 155237.913 155327.797 167673.111 8.80519839582 9.50502766739 9.51053115485 0.550324899739 0.594064229212 0.594408197178
96 8388608 168502.808 168567.896 169773.102 9.48685461375 9.55468255948 9.55837327055 0.59292841336 0.597167659968 0.597398329409
104 8388608 181793.928 182401.896 213974.953 8.15436778715 9.56585705666 9.59784786651 0.509647986697 0.597866066041 0.599865491657
112 8388608 194930.077 195270.061 204420.09 9.19209159922 9.62281766277 9.63960113759 0.574505724951 0.601426103923 0.602475071099
120 8388608 208448.172 208583.117 210300.922 9.57326245103 9.65210391405 9.65835248486 0.598328903189 0.603256494628 0.603647030304
128 8388608 221594.095 221649.885 225606.918 9.51869591162 9.68862965122 9.69106892492 0.594918494476 0.605539353201 0.605691807807
136 4194304 117429.018 117541.075 126086.95 9.04812661421 9.70597459654 9.71523655252 0.565507913388 0.606623412284 0.607202284532
144 4194304 124087.095 124227.047 126820.087 9.52498599059 9.72380476854 9.73477179073 0.595311624412 0.607737798034 0.608423236921
152 4194304 130697.012 130784.035 131345.987 9.70770744598 9.74941946087 9.75591099206 0.606731715374 0.609338716304 0.609744437004
160 4194304 137399.912 137526.989 140037.06 9.58444343233 9.75937370373 9.76839985167 0.599027714521 0.609960856483 0.610524990729
176 4194304 150702.0 150825.024 153882.98 9.59427097136 9.78879345645 9.79678443551 0.59964193571 0.611799591028 0.612299027219
192 4194304 163950.92 164044.142 165799.856 9.71419864201 9.81816672247 9.82374930254 0.607137415125 0.613635420154 0.613984331408
208 4194304 177251.101 177495.003 177765.131 9.81536960699 9.83030752702 9.84383427892 0.613460600437 0.614394220439 0.615239642432
224 4194304 190526.009 191245.079 193088.055 9.73156103313 9.82534139872 9.86242351825 0.60822256457 0.61408383742 0.616401469891
240 4194304 203879.118 204985.857 205701.828 9.78730203603 9.82148695263 9.87480198928 0.611706377252 0.61384293454 0.61717512433
264 2097152 111934.9 111974.001 113961.935 9.71636938246 9.88886925636 9.89232362739 0.607273086404 0.618054328522 0.618270226712
288 2097152 121874.809 122051.954 122293.949 9.87750875556 9.89709310184 9.91147852384 0.617344297223 0.618568318865 0.61946740774
312 2097152 132012.129 132113.934 133700.848 9.78769295465 9.90525986457 9.91289859434 0.611730809665 0.619078741535 0.619556162146
336 2097152 166336.06 166399.002 183973.074 7.66028480885 8.46931848786 8.47252330012 0.478767800553 0.529332405491 0.529532706257
368 2097152 155189.037 155314.922 168731.928 9.14766926625 9.93789812417 9.94595946877 0.57172932914 0.621118632761 0.621622466798
400 2097152 168358.803 168715.954 175523.996 9.55836032812 9.94406018058 9.96515519298 0.597397520508 0.621503761286 0.622822199561
440 2097152 185001.85 185276.031 186939.001 9.87217086926 9.96077987012 9.97554219052 0.617010679328 0.622548741882 0.623471386908
480 2097152 201621.056 202006.817 203270.912 9.9043483408 9.96632663144 9.98539517619 0.6190217713 0.622895414465 0.624087198512
528 1048576 110777.14 110942.841 114113.808 9.70343795731 9.98078150892 9.99571081182 0.606464872332 0.623798844308 0.624731925738
576 1048576 120795.012 120866.776 121912.003 9.90845464166 9.99414058997 10.0000780827 0.619278415104 0.624633786873 0.625004880168
632 1048576 144613.028 144969.94 146620.989 9.03963390944 9.14258544909 9.16514979549 0.56497711934 0.571411590568 0.572821862218
688 1048576 156244.993 156317.949 158766.985 9.08778721218 9.230165731 9.23447560332 0.567986700761 0.576885358187 0.577154725208
752 1048576 157352.924 157549.143 157778.025 9.99542429309 10.0099453032 10.0224276989 0.624714018318 0.625621581452 0.626401731181
824 1048576 184476.137 184700.012 185050.964 9.33825585475 9.35599965202 9.36735382745 0.583640990922 0.584749978251 0.585459614216
904 1048576 201183.081 201394.081 201665.878 9.40082391132 9.41351105547 9.42338390772 0.587551494458 0.588344440967 0.588961494232
992 1048576 219449.997 219640.017 220054.865 9.4538913466 9.47174750947 9.47994902 0.590868209162 0.591984219342 0.59249681375
1088 524288 119649.172 119779.11 119904.041 9.51469757387 9.52462151372 9.53496517301 0.594668598367 0.595288844607 0.595935323313
1192 524288 130475.044 130568.027 130719.9 9.56168565 9.57280752967 9.57962958802 0.597605353125 0.598300470604 0.598726849251
1304 524288 142177.82 142234.087 143243.074 9.54561407974 9.61332921552 9.61713369919 0.596600879984 0.60083307597 0.6010708562
1432 524288 155371.904 155503.988 155661.106 9.64634564526 9.65609211257 9.66430090218 0.602896602829 0.603505757036 0.604018806386
1568 524288 169519.901 169741.869 170063.019 9.66798765345 9.68627939404 9.69896253066 0.60424922834 0.605392462127 0.606185158166
1720 524288 185390.949 185707.808 189926.863 9.4960275314 9.71176570023 9.72836446293 0.593501720712 0.606985356265 0.608022778933
1888 524288 202810.049 202943.802 211579.084 9.35683929892 9.75497388188 9.76140727622 0.584802456182 0.609685867618 0.610087954764
2072 262144 111069.918 111109.018 114289.045 9.50506442678 9.77710680514 9.78054864504 0.594066526674 0.611069175321 0.611284290315
2272 262144 121337.175 121474.981 124541.998 9.56450318069 9.80598907029 9.81712600446 0.597781448793 0.612874316893 0.613570375279
2496 262144 132992.029 133123.875 154641.867 8.46228045087 9.83011385448 9.83985925954 0.528892528179 0.614382115905 0.614991203721
2744 262144 145844.936 146053.076 146674.871 9.80840318585 9.85016071829 9.86421819953 0.613025199115 0.615635044893 0.61651363747
3016 262144 159938.097 160017.014 163359.88 9.67956519067 9.88177799643 9.8866538846 0.604972824417 0.617611124777 0.617915867787
3312 262144 175284.863 175370.932 175820.112 9.87624132557 9.90153747943 9.90639936775 0.617265082848 0.618846092464 0.619149960485
3640 262144 192425.966 192937.851 196319.103 9.72095069118 9.89131116631 9.91762369534 0.607559418199 0.618206947894 0.619851480959
4000 262144 211040.974 211341.143 212671.995 9.86096923575 9.92306547713 9.93717930813 0.616310577234 0.62019159232 0.621073706758
4400 131072 115977.049 116093.159 118708.134 9.71655067883 9.93541402384 9.94536082738 0.607284417427 0.62096337649 0.621585051711
4840 131072 127336.979 127610.922 128163.099 9.89970568674 9.94254206548 9.96393168712 0.618731605421 0.621408879093 0.622745730445
5320 131072 139767.885 140067.816 166894.197 8.35622870698 9.95664899922 9.97801519283 0.522264294186 0.622290562452 0.623625949552
5848 131072 153532.982 153751.135 164095.163 9.34225045987 9.97077590354 9.98494324822 0.583890653742 0.623173493971 0.624058953014
6432 131072 168704.033 168931.007 171997.07 9.80313332082 9.98105817246 9.99448666411 0.612695832551 0.623816135779 0.624655416507
7072 131072 185325.861 185621.977 193135.023 9.59889272905 9.98740773028 10.0033657364 0.599930795566 0.624212983143 0.625210358526
7776 131072 203639.03 204731.226 205943.823 9.89799895091 9.9566235392 10.010024817 0.618624934432 0.6222889712 0.625626551059
8552 65536 111940.145 112154.961 114822.149 9.76229546096 9.99445529654 10.0136349118 0.61014346631 0.624653456034 0.625852181985
9400 65536 122896.91 123011.112 123857.021 9.94757333942 10.0159796946 10.0252870475 0.621723333714 0.625998730911 0.626580440468
10336 65536 135069.132 135208.845 139722.109 9.69610465871 10.0197601126 10.0301243662 0.60600654117 0.626235007037 0.62688277289
11368 65536 148478.031 148966.074 149502.993 9.96653288406 10.0024552973 10.035333079 0.622908305254 0.625153456082 0.627208317438
12504 65536 163247.824 163701.057 166314.84 9.85434786216 10.0116903216 10.0394862721 0.615896741385 0.625730645099 0.627467892007
13752 65536 179415.941 179768.085 184149.027 9.78827948952 10.0268195214 10.0464994022 0.611767468095 0.626676220087 0.627906212637
15120 65536 197312.117 197917.938 211528.063 9.36901048444 10.0132845968 10.044029075 0.585563155277 0.625830287298 0.627751817188
16632 32768 108507.872 108721.018 109256.983 9.97643099847 10.0256120854 10.0453057636 0.623526937404 0.626600755339 0.627831610226
18288 32768 119157.076 119224.072 120525.837 9.94411155178 10.0526877492 10.0583398673 0.621506971986 0.628292984323 0.628646241705
20112 32768 131036.043 131433.01 132112.026 9.97683611331 10.028378959 10.0587594209 0.623552257082 0.626773684937 0.628672463804
22120 32768 144096.136 144541.979 154253.006 9.39791293273 10.0293100318 10.0603413821 0.587369558296 0.626831876987 0.628771336381
24328 32768 158373.117 158844.948 168709.04 9.45035196691 10.0372081585 10.0671113772 0.590646997932 0.627325509905 0.629194461078
26760 32768 174214.125 174492.836 230544.09 7.60697600186 10.0505178333 10.0665968388 0.475436000116 0.628157364581 0.629162302425
29432 32768 191622.972 191968.918 245192.051 7.86671323207 10.0477492507 10.0658889269 0.491669577004 0.627984328171 0.629118057933
32368 32768 210579.872 211042.166 225627.899 9.40162656037 10.0514000979 10.0734663188 0.587601660023 0.628212506121 0.629591644922
35600 16384 115748.167 116021.872 116105.08 10.0472847527 10.0544904154 10.0782658614 0.627955297046 0.628405650962 0.62989161634
39160 16384 127310.038 127715.111 135025.978 9.50331853919 10.0473222781 10.0792906841 0.5939574087 0.627957642381 0.629955667753
43072 16384 139991.999 140266.895 141448.975 9.97803834209 10.0621268903 10.0818854369 0.623627396381 0.628882930644 0.630117839806
47376 16384 154018.879 154606.104 154786.825 10.0293856922 10.041109166 10.0793927217 0.626836605764 0.627569322877 0.629962045107
52112 16384 169466.972 169668.913 175482.988 9.73089206801 10.0643422876 10.0763352047 0.608180754251 0.629021392976 0.629770950295
57320 16384 186217.07 186424.017 187337.875 10.0260652578 10.0752134313 10.0864102308 0.62662907861 0.629700839458 0.630400639426
63048 16384 204915.047 205077.887 220118.046 9.38567691992 10.0740108757 10.0820163978 0.586604807495 0.62962567973 0.630126024859
69352 8192 112631.083 112805.128 113831.043 9.98201490607 10.0727971161 10.0883622685 0.62387593163 0.629549819756 0.630522641783
76280 8192 123993.874 124147.892 135022.879 9.2559981631 10.0667961402 10.0793005306 0.578499885194 0.629174758763 0.629956283163
83904 8192 136252.88 136642.933 142329.931 9.65842620973 10.0604041923 10.0892042502 0.603651638108 0.628775262018 0.630575265638
92288 8192 150094.032 150171.041 150774.002 10.0285630941 10.0688293957 10.0739954271 0.626785193378 0.62930183723 0.629624714193
101512 8192 164824.009 165240.049 167389.154 9.9359639992 10.0651907214 10.0905967407 0.62099774995 0.629074420088 0.630662296292
111656 8192 181375.027 181565.046 182410.955 10.0288488923 10.0755731585 10.0861289134 0.62680305577 0.629723322406 0.63038305709
122816 8192 199392.08 199619.055 204322.815 9.84822641564 10.0802868945 10.0917616387 0.615514150977 0.630017930903 0.630735102417
135096 4096 109664.917 109698.057 110053.062 10.0561166758 10.0886602941 10.0917090194 0.628507292237 0.630541268384 0.630731813712
148600 4096 120610.952 120893.002 121345.043 10.0319812817 10.0694926907 10.093040307 0.626998830105 0.629343293171 0.630815019187
163456 4096 132800.817 133173.943 133673.906 10.0171498841 10.0547563723 10.0830068839 0.626071867759 0.628422273267 0.630187930244
179800 4096 145947.218 146209.002 146385.908 10.0619084181 10.074082853 10.0921526301 0.628869276133 0.629630178311 0.630759539384
197776 4096 160572.052 160820.961 191032.171 8.48119446855 10.0744391896 10.0900559706 0.530074654284 0.629652449347 0.630628498165
217552 4096 176697.969 177134.991 177683.115 10.0301369885 10.061174102 10.0860581142 0.626883561784 0.628823381372 0.630378632139
239304 4096 194231.987 194660.902 195082.903 10.0489501533 10.0707350467 10.0929738622 0.628059384579 0.629420940421 0.630810866389
263232 2048 106827.974 107192.039 108244.896 9.96073082282 10.0585666814 10.0928458308 0.622545676426 0.628660417589 0.630802864426
289552 2048 117664.099 118474.96 125612.02 9.4418113171 10.0105962644 10.0795824902 0.590113207319 0.625662266525 0.629973905635
318504 2048 129248.142 129549.98 129733.086 10.0559727994 10.0701859159 10.0937031961 0.628498299963 0.629386619743 0.630856449758
350352 2048 142318.01 142816.067 143167.019 10.0235501306 10.0481817077 10.0833463874 0.626471883165 0.628011356733 0.630209149214
385384 2048 156514.883 156830.072 157196.999 10.0417493594 10.0652435076 10.0855128518 0.627609334959 0.629077719227 0.63034455324
423920 2048 172116.041 172288.895 172928.81 10.0409892371 10.0782834552 10.08840495 0.627561827321 0.629892715952 0.630525309375
466312 2048 189273.834 189806.938 189901.829 10.0579018225 10.0629301127 10.0912731128 0.628618863908 0.628933132044 0.63070456955
512936 2048 208420.038 208854.914 208988.905 10.0530975843 10.0595471553 10.0805367668 0.628318599018 0.628721697207 0.630033547926
564224 1024 114541.054 114631.891 115672.112 9.98970911848 10.0803602027 10.0883544515 0.624356819905 0.630022512671 0.630522153219
620640 1024 125961.065 126358.986 126783.133 10.0255506385 10.0592032291 10.0909810504 0.626596914907 0.62870020182 0.630686315648
682704 1024 138536.93 138738.155 139489.889 10.0235063776 10.0778173964 10.0924554341 0.626469148599 0.629863587273 0.63077846463
750968 1024 152515.173 152606.964 153644.8 10.0099870871 10.0780621257 10.0841275904 0.625624192944 0.629878882854 0.630257974398
826064 1024 167844.057 168055.058 169986.01 9.95246062897 10.0668143651 10.0794696115 0.62202878931 0.629175897818 0.629966850718
908664 1024 184552.908 184960.842 185586.929 10.0273434235 10.0612856855 10.0835250561 0.62670896397 0.628830355346 0.630220316008
999528 1024 202839.851 203501.94 206506.014 9.91270570938 10.0590360171 10.0918696889 0.619544106837 0.628689751066 0.630741855554
1099480 512 111766.1 111949.921 114195.108 9.85915718912 10.0568853461 10.073425842 0.61619732432 0.62855533413 0.629589115125
1209424 512 122771.978 123044.014 123812.914 10.0025929121 10.0650989491 10.0874010191 0.625162057005 0.629068684316 0.630462563697
1330360 512 135011.911 135247.946 135544.062 10.0505224641 10.0725273861 10.0901367139 0.628157654003 0.629532961632 0.630633544621
1463392 512 148505.926 148813.009 149096.012 10.0506605636 10.0697742628 10.0905967079 0.628166285226 0.629360891426 0.630662294244
1609728 512 163303.852 163858.891 164178.133 10.0400792839 10.0596401083 10.0938309281 0.627504955243 0.628727506767 0.630864433008
1770696 512 179636.002 180109.978 182219.028 9.95062219298 10.0671418882 10.0937044012 0.621913887061 0.62919636801 0.630856525075
1947760 512 197602.987 198112.965 262063.026 7.6107884063 10.0675200131 10.0935024833 0.475674275394 0.629220000821 0.630843905209
2142536 256 108767.986 108906.031 118693.113 9.24214054441 10.072706001 10.0854899713 0.577633784026 0.629544125063 0.630343123205
2356784 256 119613.886 119786.024 123085.976 9.80350034353 10.0735742594 10.0880712796 0.612718771471 0.629598391211 0.630504454976
2592456 256 131515.026 131816.864 146518.23 9.05919674296 10.0695573519 10.0926678295 0.566199796435 0.629347334496 0.630791739341
2851696 256 144804.001 145175.934 148208.141 9.85147200517 10.0572340867 10.083066365 0.615717000323 0.628577130422 0.630191647812
3136864 256 159401.178 159641.981 170534.849 9.41786606912 10.0604763104 10.0756743968 0.58861662932 0.628779769402 0.629729649802
3450544 256 175253.153 175593.138 200894.117 8.79407796695 10.0612048291 10.0807232153 0.549629872935 0.628825301818 0.630045200956
3795592 256 193125.01 193277.121 198345.9 9.79774779312 10.054698114 10.0626174932 0.61235923707 0.628418632126 0.628913593325
4175144 256 212376.118 212718.964 222352.028 9.61391603768 10.0492860994 10.0655090042 0.600869752355 0.628080381211 0.629094312761
4592656 128 116826.057 117089.987 119228.125 9.86109557623 10.0411654841 10.0638501905 0.616318473515 0.627572842757 0.628990636909
5051920 128 128816.128 129115.105 135540.962 9.54170238219 10.0165779984 10.039826069 0.596356398887 0.626036124898 0.627489129312
5557112 128 142100.096 142765.045 169840.813 8.37620031882 9.964768841 10.0113983878 0.523512519927 0.622798052563 0.625712399237
6112816 128 157351.971 157706.022 183028.936 8.54990981317 9.92277197887 9.94509878748 0.534369363323 0.620173248679 0.621568674218
6724096 128 174439.192 175143.003 280592.918 6.13475417794 9.82836051977 9.86801507313 0.383422136121 0.614272532486 0.61675094207
7396504 128 193392.038 194319.01 231588.84 8.17614969702 9.74431180974 9.79101851132 0.511009356064 0.609019488109 0.611938656958
8136152 128 215653.181 218550.92 227503.061 9.15528302276 9.53029578645 9.65835468942 0.572205188923 0.595643486653 0.603647168089
8949760 64 119513.035 122215.986 133809.09 8.56122166289 9.3733178244 9.58530824692 0.535076353931 0.585832364025 0.599081765433
9844736 64 133037.806 133126.02 144691.944 8.70902811286 9.46566424806 9.4719406903 0.544314257054 0.591604015504 0.591996293144
10829208 64 147137.88 147414.923 165118.933 8.39478913057 9.40297356462 9.42067823731 0.524674320661 0.587685847789 0.588792389832
11912128 64 162394.047 163661.003 167402.029 9.10832678139 9.31652840964 9.38921353441 0.569270423837 0.582283025603 0.586825845901
13103336 64 179959.059 180724.859 185548.067 9.03931275123 9.28055507848 9.32004766706 0.564957046952 0.580034692405 0.582502979192
14413664 64 198709.965 199926.853 205538.034 8.97619265931 9.22812000647 9.2846324642 0.561012041207 0.576757500404 0.580289529013
15855024 64 218943.834 219672.918 222034.931 9.14019727824 9.23847641519 9.26924058524 0.57126232989 0.57740477595 0.579327536577
17440520 32 120613.813 121265.888 123226.881 9.05803401776 9.20451165954 9.25427405234 0.56612712611 0.575281978721 0.578392128271
19184568 32 133355.141 133799.791 151828.051 8.08686105047 9.17648931156 9.20708675191 0.505428815654 0.573530581972 0.575442921994
21103024 32 146567.106 146950.006 151752.949 8.89994919308 9.19083688911 9.21484753885 0.556246824567 0.574427305569 0.575927971178
23213320 32 161270.142 161401.033 185717.821 7.99951492 9.2047272089 9.21219800253 0.4999696825 0.575295450556 0.575762375158
25534648 32 177523.136 178113.937 181493.998 9.00425077418 9.17512407802 9.20565909787 0.562765673386 0.573445254876 0.575353693617
28088112 32 195241.928 197053.909 230973.005 7.78289726109 9.1225755283 9.20723937944 0.486431078818 0.570160970519 0.575452461215
30896920 32 215332.031 216365.099 218261.957 9.05976885381 9.13919522668 9.18304104975 0.566235553363 0.571199701667 0.57394006561
33986608 16 118591.07 118963.957 119664.907 9.08847450155 9.14202489078 9.17077024434 0.568029656347 0.571376555674 0.573173140271
37385264 16 130534.172 130908.012 131660.938 9.08643418597 9.13869540697 9.16486793971 0.567902136623 0.571168462936 0.572804246232
41123784 16 143608.093 144002.914 144596.1 9.1009445483 9.13843374031 9.16355798973 0.568809034269 0.571152108769 0.572722374358
45236160 16 158168.077 159332.037 159478.903 9.07679381266 9.08516044391 9.15201820403 0.567299613291 0.567822527744 0.572001137752
49759776 16 174054.861 174276.829 179021.12 8.89455295554 9.136686966 9.14833876429 0.555909559721 0.571042935375 0.571771172768
54735752 16 191454.887 191882.133 194659.948 8.99796841618 9.12822906758 9.14859939825 0.562373026011 0.570514316724 0.571787462391
60209320 16 210787.058 211081.028 211897.85 9.0925804108 9.12776604442 9.14049590274 0.568286275675 0.570485377776 0.571280993921
66230248 16 231746.912 232537.985 233339.071 9.08278209439 9.11407199129 9.14518306936 0.567673880899 0.569629499456 0.571573941835
72853272 8 127651.93 128036.976 129606.009 8.99381410626 9.1040290736 9.13149023285 0.562113381641 0.5690018171 0.570718139553
80138592 8 140381.098 141499.043 141817.093 9.04134646167 9.06166886231 9.13383276144 0.565084153854 0.566354303894 0.57086454759
88152448 8 154432.058 154700.994 156016.111 9.04034307072 9.11719525215 9.1330724091 0.56502144192 0.56982470326 0.570817025569
96967688 8 169918.776 170285.94 172320.127 9.00349271446 9.11104585616 9.13073319219 0.562718294654 0.56944036601 0.570670824512
106664456 8 187042.952 187382.221 189845.8 8.98956572123 9.10775465726 9.12427481363 0.561847857577 0.569234666079 0.570267175852
117330896 8 205698.967 205862.999 207497.12 9.04732719182 9.11914401869 9.12641596299 0.565457949489 0.569946501168 0.570400997687
129063984 8 226140.022 226433.039 229609.013 8.99365280578 9.11979874103 9.13161556162 0.562103300361 0.569987421314 0.570725972601
141970376 4 124526.024 124534.13 127853.87 8.88329002478 9.12009429062 9.12068796158 0.555205626548 0.570005893164 0.570042997599
156167408 4 136923.075 137209.892 138245.821 9.03708520781 9.10531482672 9.1243880113 0.564817825488 0.56908217667 0.570274250706
171784144 4 150676.966 151025.057 151530.027 9.06931239443 9.09963670466 9.12065850861 0.566832024652 0.568727294041 0.570041156788
188962552 4 165647.984 165731.907 166759.968 9.06512776496 9.12136017357 9.12598137023 0.56657048531 0.570085010848 0.570373835639
207858800 4 182208.061 182837.963 196975.946 8.44199727819 9.09477644968 9.12621752777 0.527624829887 0.568423528105 0.570388595486
228644680 4 200356.96 200782.061 207625.866 8.80987265816 9.11016368141 9.12949288111 0.550617041135 0.569385230088 0.570593305069
251509144 4 220344.067 220798.969 225864.887 8.90830433506 9.11269269559 9.13150591888 0.556769020941 0.569543293474 0.57071911993
276660056 2 121320.963 121629.0 124026.06 8.92264274137 9.09848986673 9.1215911631 0.557665171336 0.56865561667 0.570099447694
304326056 2 133538.961 133840.084 134546.041 9.04749195853 9.0952141363 9.11572334309 0.565468247408 0.568450883519 0.569732708943
334758656 2 146750.927 147047.997 147913.933 9.05279574981 9.10610583835 9.12453945862 0.565799734363 0.569131614897 0.570283716164
368234520 2 161710.978 161856.174 163327.932 9.01828647411 9.10028974242 9.10846065132 0.563642904632 0.568768108901 0.569278790708
405057968 2 177843.094 177989.006 178916.931 9.05577724223 9.10298848458 9.11045706391 0.56598607764 0.568936780286 0.569403566494
445563760 2 195537.09 196197.033 200724.125 8.87912721005 9.08400607669 9.1146648444 0.554945450628 0.567750379793 0.569666552775
490120136 2 215034.962 215899.944 219151.974 8.9457580884 9.08050510657 9.11703160159 0.559109880525 0.567531569161 0.569814475099
539132144 1 118244.886 118804.932 119087.934 9.05435380212 9.07592193226 9.11890843212 0.565897112633 0.567245120767 0.569931777007
593045352 1 130060.911 130572.081 130972.147 9.05605299423 9.08380026508 9.11950173869 0.566003312139 0.567737516568 0.569968858668
652349880 1 143075.943 143785.0 144082.069 9.05525419683 9.07396293076 9.11893175501 0.565953387302 0.567122683173 0.569933234688
717584864 1 157577.038 158138.99 158529.997 9.05298527193 9.07536925587 9.10773388189 0.565811579496 0.567210578492 0.569233367618
789343344 1 173215.151 173903.942 174435.854 9.05024197606 9.07792353551 9.11402194835 0.565640123504 0.567370220969 0.569626371772
868277672 1 190674.067 191335.917 194113.016 8.94610459301 9.07595066952 9.1074542612 0.559131537063 0.567246916845 0.569215891325
955105432 1 209682.941 210268.021 228266.954 8.36831977002 9.08464756036 9.10999652566 0.523019985626 0.567790472523 0.569374782854
1050615968 1 230646.849 231309.175 233000.994 9.01812434328 9.08408382849 9.11016970364 0.563632771455 0.567755239281 0.569385606478

META_DATA
ERT_VERSION  1.1.0
CONFIG  {'ERT': ['GPU', 'False'], 'ERT_WORKING_SET_MIN': ['1'], 'ERT_CFLAGS': ['-O3', '-march=skylake', '-fno-tree-vectorize'], 'ERT_CC': ['gcc'], 'ERT_WSS_MULT': [1.1], 'ERT_HIP': [False], 'ERT_MEMORY_MAX': ['1073741824'], 'ERT_LDFLAGS': [], 'ERT_LDLIBS': [], 'ERT_SPEC_GBYTES_DRAM': ['18.75'], 'ERT_RUN': ['ERT_CODE'], 'ERT_OCL': [False], 'ERT_FLOPS': ['1,2,4,8,16'], 'ERT_SPEC_GFLOPS': ['8'], 'ERT_MPI': [False], 'ERT_TRIALS_MIN': ['1'], 'ERT_DRIVER': ['driver1'], 'ERT_RESULTS': ['Results/skylake-scalar'], 'ERT_OPENMP': ['False'], 'ERT_KERNEL': ['kernel1'], 'ERT_PRECISION': ['FP64'], 'ERT_LD': ['g++'], 'ERT_NUM_EXPERIMENTS': ['5'], 'ERT_GPU': [False], 'ERT_ALIGN': ['32'], 'ERT_GNUPLOT': ['gnuplot']}
TIMESTAMP_DATA  1588784097.27
TIMESTAMP_DATA  1588784178.5
TIMESTAMP_DATA  1588784259.69
FLOPS          1
UNAME  ('Linux', 'box', '5.6.8-arch1-1-surface', '#1 SMP PREEMPT Thu, 30 Apr 2020 08:30:23 +0000', 'x86_64', '')
TIMESTAMP_DATA  1588784342.86
TIMESTAMP_DATA  1588784015.19
HOSTNAME  ('localhost', [], ['127.0.0.1'])
