fp64
8 134217728 745978.117 746891.975 768370.867 2.79485303286 2.87522656539 2.87874885209 0.174678314554 0.179701660337 0.179921803256
16 67108864 374953.985 375615.12 378396.988 5.6752133767 5.7172449501 5.7273258424 0.354700836044 0.357327809381 0.35795786515
24 33554432 188987.97 189445.972 201534.986 7.9917277291 8.5016995558 8.52230295928 0.499482983069 0.531356222237 0.532643934955
32 33554432 203902.96 204046.011 206166.029 10.416282733 10.5245068868 10.5318905032 0.651017670811 0.657781680427 0.65824315645
40 16777216 101577.997 101638.079 106428.862 12.6110272606 13.2054569823 13.21326783 0.788189203789 0.825341061395 0.825829239378
48 16777216 101862.907 102071.047 103801.012 15.5163490699 15.779330019 15.8115724697 0.969771816868 0.986208126189 0.988223279353
56 16777216 100925.922 101183.176 102336.168 18.3615258293 18.5707571781 18.6180929018 1.14759536433 1.16067232363 1.16363080637
64 16777216 109744.072 109990.12 113104.82 18.9866678361 19.5243322582 19.5681061297 1.18666673976 1.22027076614 1.22300663311
72 8388608 53314.209 53529.978 53889.99 22.4152862526 22.566038641 22.6573661067 1.40095539079 1.41037741506 1.41608538167
80 8388608 62134.981 62161.922 62273.026 21.5531084036 21.5916309666 21.6009928449 1.34706927523 1.34947693541 1.35006205281
88 8388608 66509.962 66520.929 66994.905 22.0374222189 22.1944436164 22.1981033157 1.37733888868 1.38715272602 1.38738145723
96 8388608 62029.123 62073.946 62154.055 25.9132366504 25.9466787563 25.9654281425 1.61957729065 1.62166742227 1.62283925891
104 8388608 70924.044 71218.014 71875.811 24.2756281943 24.4998472437 24.6013956001 1.51722676214 1.53124045273 1.537587225
112 8388608 79813.004 80530.882 89263.916 21.0504790312 23.3332622881 23.5431332969 1.31565493945 1.45832889301 1.47144583106
120 8388608 84242.105 84645.033 86727.858 23.2136013321 23.7848087318 23.8985709106 1.45085008326 1.48655054574 1.49366068191
128 8388608 75394.869 75464.01 77040.195 27.8748469938 28.4570571853 28.4831537807 1.74217793711 1.77856607408 1.78019711129
136 4194304 44332.981 44355.154 44449.091 25.6664571161 25.7208144966 25.7336786804 1.60415356975 1.60755090603 1.60835491753
144 4194304 48753.977 49087.048 49340.963 24.4818803395 24.6085189723 24.7766362116 1.53011752122 1.53803243577 1.54853976323
152 4194304 51043.987 51150.084 51692.963 24.6661893999 24.9279828358 24.9797966605 1.54163683749 1.55799892724 1.56123729128
160 4194304 46547.174 46596.05 46782.97 28.6894414784 28.8045291393 28.8347748029 1.7930900924 1.8002830712 1.80217342518
176 4194304 63048.124 63163.042 71073.055 20.7729217212 23.3743493228 23.4169538177 1.29830760757 1.46089683268 1.46355961361
192 4194304 57815.075 57960.987 58239.937 27.6547815634 27.7878762831 27.8580065147 1.72842384771 1.73674226769 1.74112540717
208 4194304 69191.933 69451.094 69610.119 25.0657589596 25.1231530493 25.2172527685 1.56660993497 1.57019706558 1.57607829803
224 4194304 66709.042 66910.028 67147.017 27.9840903729 28.0832073781 28.1678185695 1.74900564831 1.75520046113 1.76048866059
240 4194304 75471.163 75998.783 77122.927 26.1046357849 26.4907652534 26.6759625792 1.63153973656 1.65567282834 1.6672476612
264 2097152 39941.072 40040.016 41556.12 26.6458046613 27.6547405975 27.7232482894 1.66536279133 1.72842128734 1.73270301809
288 2097152 41043.043 41443.11 42534.113 28.3997823582 29.1474156259 29.4315300159 1.77498639739 1.82171347662 1.839470626
312 2097152 47715.902 47848.94 50279.856 26.0267819383 27.349045726 27.4252983418 1.62667387114 1.70931535787 1.71408114636
336 2097152 51033.02 51114.082 51989.079 27.1073496801 27.5713871571 27.6151821703 1.69420935501 1.72321169732 1.72594888564
368 2097152 55382.967 55669.069 56848.049 27.1513956794 27.7264179144 27.8696493816 1.69696222996 1.73290111965 1.74185308635
400 2097152 59934.139 60065.985 60811.043 27.5890943032 27.9313092094 27.992753846 1.72431839395 1.74570682559 1.74954711538
440 2097152 65531.969 65747.023 71393.967 25.8494357093 28.0696170837 28.1617321769 1.61558973183 1.75435106773 1.76010826105
480 2097152 67747.831 67780.018 72096.109 27.9247513898 29.7029416546 29.7170535246 1.74529696187 1.85643385341 1.85731584529
528 1048576 38836.956 39008.141 39734.125 27.8676391137 28.386286237 28.5114069187 1.74172744461 1.77414288981 1.78196293242
576 1048576 40525.913 41198.015 42557.001 28.3845083915 29.3208192676 29.8070903918 1.77403177447 1.83255120423 1.86294314949
632 1048576 46077.013 46327.829 51017.046 25.9795532654 28.6091555035 28.7648868211 1.62372207909 1.78807221897 1.79780542632
688 1048576 49926.996 50143.957 52459.955 27.5036563794 28.77396724 28.8990063812 1.71897852371 1.7983729525 1.80618789883
752 1048576 54363.966 55106.878 57126.045 27.6066425393 28.6181754662 29.0092577867 1.72541515871 1.78863596664 1.81307861167
824 1048576 59329.033 59702.158 60382.843 28.6182823157 28.9445692734 29.1266039681 1.78864264473 1.80903557958 1.820412748
904 1048576 64283.133 66966.057 68403.006 27.7155277065 28.3102439195 29.4918016519 1.73222048166 1.76939024497 1.84323760325
992 1048576 69293.976 70508.957 72923.899 28.5280245918 29.5051135702 30.0224478965 1.78300153699 1.84406959814 1.87640299353
1088 524288 45778.99 46250.105 48177.004 23.6803992212 24.666985902 24.9208356934 1.48002495132 1.54168661887 1.55755223084
1192 524288 42113.066 42295.933 43966.055 28.4288092712 29.5513658961 29.6796863947 1.77680057945 1.84696036851 1.85498039967
1304 524288 53286.076 53428.888 55343.866 24.7063171192 25.5918315949 25.6604202569 1.54414481995 1.59948947468 1.60377626605
1432 524288 57641.983 58112.144 58573.008 25.6357131599 25.839019672 26.0497775033 1.60223207249 1.6149387295 1.62811109396
1568 524288 54623.127 54686.069 55331.945 29.7146100322 30.0655577932 30.1002022092 1.85716312701 1.87909736207 1.88126263808
1720 524288 60743.093 60789.108 60855.15 29.6367804533 29.6689781992 29.6914534793 1.85229877833 1.85431113745 1.85571584246
1888 524288 73074.818 73463.917 74538.946 26.5594242237 26.9480796675 27.0915691915 1.65996401398 1.68425497922 1.69322307447
2072 262144 36463.976 36584.139 36686.182 29.6112780556 29.6938718716 29.7917247422 1.85070487847 1.85586699198 1.86198279639
2272 262144 43367.147 43448.21 44579.029 26.7206882411 27.4161429435 27.4673899115 1.67004301507 1.71350893397 1.71671186947
2496 262144 47243.118 47400.951 47973.156 27.2782313509 27.6075230643 27.6997561423 1.70488945943 1.72547019152 1.73123475889
2744 262144 51547.05 51812.887 53528.07 26.8764831611 27.7661862772 27.909381274 1.67978019757 1.73538664232 1.74433632963
3016 262144 52671.909 53004.98 53632.975 29.4828434932 29.8321517714 30.020795487 1.84267771833 1.86450948571 1.87629971794
3312 262144 61604.977 61841.965 68470.955 25.3602692704 28.0786979521 28.1867138105 1.5850168294 1.75491862201 1.76166961315
3640 262144 67214.966 67318.916 70126.057 27.2139686964 28.3487678263 28.3926100625 1.70087304353 1.77179798914 1.7745381289
4000 262144 73364.973 73677.063 78384.161 26.7547929741 28.4641096511 28.5851941907 1.67217456088 1.77900685319 1.78657463692
4400 131072 40103.912 40287.018 41391.134 27.8666827538 28.6304039678 28.7611243512 1.74166767212 1.78940024799 1.79757027195
4840 131072 43766.975 43816.09 44454.098 28.5412822908 28.9568731487 28.9893683537 1.78383014317 1.80980457179 1.8118355221
5320 131072 47938.108 48394.918 49832.106 27.9860955505 28.8172010127 29.0918047913 1.74913097191 1.80107506329 1.81823779946
5848 131072 52618.027 52694.082 53364.038 28.7275507899 29.0927947469 29.1348459721 1.79547192437 1.81829967168 1.82092787326
6432 131072 57674.885 57952.166 58313.131 28.9147603479 29.0948608892 29.2347389683 1.80717252174 1.81842880558 1.82717118552
7072 131072 63237.906 63328.981 63563.824 29.165683424 29.2738385922 29.315998667 1.822855214 1.82961491201 1.83224991669
7776 131072 69415.092 69459.915 69808.006 29.2005439032 29.3468793332 29.3658293214 1.82503399395 1.83417995833 1.83536433259
8552 65536 38033.962 38059.95 38329.84 29.2442583637 29.4516346974 29.4717585299 1.82776614773 1.84072716859 1.84198490812
9400 65536 41759.014 41970.968 43263.912 28.4781644341 29.3554535125 29.5044514222 1.77988527713 1.83471584453 1.84402821388
10336 65536 45727.968 45836.926 45891.047 29.5212308405 29.5560874217 29.626511985 1.84507692753 1.84725546386 1.85165699906
11368 65536 50257.921 50387.859 51337.957 29.0238759598 29.5711412545 29.6475951721 1.81399224749 1.84819632841 1.85297469826
12504 65536 55155.993 55217.981 55490.017 29.5354800126 29.6809890242 29.7143465081 1.84596750078 1.85506181401 1.85714665676
13752 65536 60512.781 60612.917 62951.088 28.6333755502 29.7379211101 29.7871311517 1.78958597189 1.85862006938 1.86169569698
15120 65536 66516.161 66580.057 67650.08 29.2949932949 29.7657996898 29.7943929747 1.83093708093 1.86036248061 1.86214956092
16632 32768 36504.03 36608.934 43866.158 24.8481928142 29.7740095901 29.8595730937 1.55301205088 1.86087559938 1.86622331836
18288 32768 40073.872 40179.968 40303.946 29.7370974048 29.8288532236 29.907825428 1.8585685878 1.86430332647 1.86923908925
20112 32768 44017.076 44138.193 44358.015 29.7141346834 29.8621203636 29.944288712 1.85713341771 1.86638252273 1.8715180445
22120 32768 48344.851 48481.941 49165.01 29.4855288344 29.9009546668 29.9857438799 1.84284555215 1.86880966668 1.8741089925
24328 32768 53134.918 53370.953 54885.864 29.0486418871 29.873174796 30.0058768887 1.81554011794 1.86707342475 1.87536730554
26760 32768 58368.921 58801.889 62648.058 27.9935789869 29.824609206 30.0458416903 1.74959868668 1.86403807538 1.87786510564
29432 32768 64253.807 64403.772 83096.981 23.212101436 29.9494189874 30.0193193533 1.45075633975 1.87183868672 1.87620745958
32368 32768 70652.008 71385.145 79106.092 26.8154979518 29.7158358087 30.0241890931 1.67596862199 1.85723973804 1.87651181832
35600 16384 38807.869 38834.095 40313.005 28.9370837029 30.0390880745 30.0593882133 1.80856773143 1.87744300466 1.87871176333
39160 16384 43735.027 44185.162 44522.047 28.8215606978 29.0413075774 29.3402100792 1.80134754361 1.81508172359 1.83376312995
43072 16384 48703.909 48884.153 49604.893 28.4525015708 28.8720006256 28.9788504656 1.77828134817 1.8045000391 1.8111781541
47376 16384 53392.887 53449.154 53906.918 28.7980991234 29.044739754 29.0753479579 1.79988119521 1.81529623462 1.81720924737
52112 16384 58686.972 59011.936 60248.852 28.3425486016 28.9366208219 29.0968499107 1.7714092876 1.80853880137 1.81855311942
57320 16384 64435.959 64979.076 65779.924 28.5537234734 28.905639717 29.1492792091 1.78460771709 1.80660248231 1.82182995057
63048 16384 71373.94 71460.009 71707.964 28.8107031459 28.9106717577 28.9455347988 1.80066894662 1.80691698486 1.80909592493
69352 8192 39003.849 39277.077 40450.096 28.0904937284 28.9294228285 29.1320779136 1.75565585802 1.80808892678 1.8207548696
76280 8192 42874.098 43170.929 44003.963 28.4013401248 28.949377485 29.1498032215 1.7750837578 1.80933609281 1.82186270134
83904 8192 47286.987 47486.782 48291.922 28.4661094251 28.9487532762 29.071066338 1.77913183907 1.80929707976 1.81694164612
92288 8192 52134.037 52671.194 53814.888 28.0971799477 28.707277682 29.0030597861 1.75607374673 1.79420485512 1.81269123663
101512 8192 57159.901 57596.922 58841.944 28.2650860074 28.8760675093 29.0968419977 1.76656787546 1.80475421933 1.81855262485
111656 8192 62903.881 63497.066 64662.933 28.2908896817 28.8103375359 29.0820196611 1.76818060511 1.80064609599 1.81762622882
122816 8192 69267.035 69637.06 71259.975 28.2376936562 28.8957825618 29.0501440404 1.76485585351 1.80598641011 1.81563400252
135096 4096 38056.135 38558.006 39217.949 28.2193857716 28.7023771924 29.0808941055 1.76371161072 1.79389857453 1.81755588159
148600 4096 42016.983 42809.963 43197.155 28.1808188525 28.4356984845 28.9723610094 1.76130117828 1.77723115528 1.81077256308
163456 4096 46046.019 47746.181 47973.871 27.9116845084 28.0447885874 29.0802892645 1.74448028178 1.75279928671 1.81751807903
179800 4096 51886.082 52657.127 53320.169 27.6240984908 27.9719324603 28.3876049843 1.72650615567 1.74824577877 1.77422531152
197776 4096 57493.925 57759.047 58940.887 27.4882356623 28.0506877477 28.1800380127 1.71801472889 1.75316798423 1.76125237579
217552 4096 63393.831 64134.121 66679.001 26.7278447078 27.7884214551 28.1129244895 1.67049029424 1.73677634094 1.75705778059
239304 4096 70944.071 71222.067 73124.886 26.8086348606 27.5248732672 27.6327301262 1.67553967879 1.7203045792 1.72704563289
263232 2048 39037.943 39469.004 39729.118 27.1387417158 27.3175951438 27.6192388518 1.69617135724 1.70734969649 1.72620242824
289552 2048 43125.153 43481.112 44684.172 26.5419485002 27.2763261436 27.5014674615 1.65887178127 1.70477038398 1.71884171634
318504 2048 45665.026 47926.903 49429.893 26.3927818739 27.2204607921 28.5687428274 1.64954886712 1.70127879951 1.78554642671
350352 2048 53368.092 53653.002 59551.001 24.0976938742 26.7467194473 26.8895090347 1.50610586714 1.67166996546 1.68059431467
385384 2048 58654.785 59566.975 60652.971 26.025647845 26.5001347475 26.9122606792 1.62660299031 1.65625842172 1.68201629245
423920 2048 64680.099 65476.894 76308.966 22.7545518046 26.5189170397 26.8456039314 1.42215948779 1.65743231498 1.67785024571
466312 2048 71471.93 72531.939 73529.005 25.9763334483 26.3334191576 26.7239733417 1.62352084052 1.64583869735 1.67024833386
512936 2048 79982.996 80307.007 82519.054 25.4606149023 26.1619245255 26.2679064435 1.5912884314 1.63512028284 1.64174415272
564224 1024 44062.853 44309.855 53381.92 21.6464816552 26.0784142038 26.2246012985 1.35290510345 1.62990088774 1.63903758116
620640 1024 47977.924 48529.148 52966.833 23.9974838594 26.1919026479 26.4928244915 1.49984274121 1.63699391549 1.65580153072
682704 1024 52851.2 54096.937 54900.169 25.4676409466 25.8457847992 26.4549866796 1.59172755916 1.61536154995 1.65343666747
750968 1024 58799.982 59645.176 77764.988 19.7773124327 25.7855298138 26.1561723607 1.23608202704 1.61159561337 1.63476077255
826064 1024 64386.845 65180.063 69415.092 24.371920043 25.9554684996 26.2752286123 1.52324500269 1.62221678123 1.64220178827
908664 1024 70424.795 70548.058 71948.051 25.8651046989 26.3783855255 26.4245550449 1.61656904368 1.64864909534 1.6515346903
999528 1024 77795.029 78655.005 88616.848 23.0998211988 26.0254683602 26.3131638398 1.44373882492 1.62659177251 1.64457273999
1099480 512 42722.94 43025.017 43679.953 25.7753830459 26.1677414329 26.3527631759 1.61096144037 1.63548383955 1.6470476985
1209424 512 47183.037 47731.876 47851.086 25.8813389523 25.9459774009 26.247784262 1.61758368452 1.62162358756 1.64048651637
1330360 512 52327.156 52411.079 52675.009 25.8621434692 25.9923792067 26.0340661358 1.61638396683 1.62452370042 1.62712913348
1463392 512 57440.042 57747.841 58609.009 25.5679704122 25.9492542414 26.0883062725 1.59799815076 1.62182839009 1.63051914203
1609728 512 61451.912 62744.141 63776.97 25.8457162829 26.2711616691 26.823599435 1.61535726768 1.64194760432 1.67647496468
1770696 512 68898.916 69567.919 86784.124 20.8931382887 26.0636329225 26.3167087273 1.30582114305 1.62897705766 1.64479429546
1947760 512 75083.971 77023.029 78301.907 25.4720008288 25.8949338386 26.5636754881 1.5920000518 1.61843336491 1.660229718
2142536 256 41996.956 42274.952 43767.929 25.0635215571 25.9486617986 26.1204272043 1.56647009732 1.62179136241 1.63252670027
2356784 256 45531.034 46459.913 65069.914 18.5442600708 25.9723561686 26.502218421 1.15901625442 1.62327226054 1.65638865131
2592456 256 51064.014 51378.012 52834.988 25.1223199294 25.8347378641 25.9935983881 1.57014499559 1.61467111651 1.62459989926
2851696 256 56178.093 56940.079 67121.029 21.7527706853 25.6421904859 25.9899949256 1.35954816783 1.60263690537 1.62437468285
3136864 256 61142.921 61673.88 62993.05 25.4960565967 26.0414030705 26.2675440056 1.59350353729 1.6275876919 1.64172150035
3450544 256 67427.158 70211.887 70946.932 24.9014083935 25.1621000871 26.2012901092 1.5563380246 1.57263125545 1.63758063183
3795592 256 74717.999 75949.907 91580.868 21.2199681706 25.5871689744 26.0090357077 1.32624801067 1.5991980609 1.62556473173
4175144 256 82013.845 84458.113 90151.072 23.7121276606 25.3104604409 26.0647909874 1.48200797878 1.58190377756 1.62904943671
4592656 128 44731.855 45603.991 48496.008 24.2436436418 25.7810755203 26.2837285867 1.51522772761 1.61131722002 1.64273303667
5051920 128 49874.067 50703.049 82047.224 15.7627699872 25.5071745291 25.9311421304 0.9851731242 1.59419840807 1.62069638315
5557112 128 54552.078 56092.978 89327.812 15.9258425808 25.3618317787 26.0782123093 0.9953651613 1.58511448617 1.62988826933
6112816 128 61553.001 62726.021 101937.056 15.3514429139 24.9478744395 25.4233078904 0.959465182122 1.55924215247 1.58895674315
6724096 128 68218.946 73791.981 94763.994 18.1647955446 23.3273121642 25.2329987039 1.13529972154 1.45795701026 1.57706241899
7396504 128 77266.932 80872.059 87538.004 21.6306625406 23.4135874295 24.5060205574 1.35191640879 1.46334921434 1.53162628484
8136152 128 88703.156 95558.882 98539.829 21.1371882125 21.7965600728 23.4811815715 1.32107426328 1.36228500455 1.46757384822
8949760 64 50568.104 52546.024 55500.984 20.6405219771 21.8012552196 22.6539891628 1.29003262357 1.36257845123 1.41587432268
9844736 64 57898.045 61073.065 74259.043 16.9693300249 20.6330926408 21.7645726725 1.06058312656 1.28956829005 1.36028579203
10829208 64 64964.056 67367.077 73427.916 18.8775427591 20.5759057054 21.3370086375 1.17984642244 1.28599410659 1.33356303984
11912128 64 73479.891 74324.131 86229.086 17.6825762017 20.5149036186 20.7506075914 1.10516101261 1.28218147616 1.29691297446
13103336 64 80940.962 85057.02 132625.103 12.6463766667 19.7188545754 20.7216095109 0.79039854167 1.23242841096 1.29510059443
14413664 64 91293.812 95114.946 112169.027 16.4479361312 19.3970460962 20.208916153 1.0279960082 1.21231538101 1.26305725957
15855024 64 101629.972 108055.115 120215.893 16.8816536762 18.781554876 19.9689425478 1.05510335476 1.17384717975 1.24805890924
17440520 32 57853.937 60013.056 66504.955 16.7836107851 18.599174153 19.2932985702 1.04897567407 1.16244838456 1.20583116063
19184568 32 64571.142 66464.901 91759.92 13.3807042552 18.4730938214 19.014877451 0.836294015949 1.15456836383 1.18842984069
21103024 32 71181.059 75268.984 79936.028 16.8959300304 17.9435600725 18.9740579162 1.0559956269 1.12147250453 1.18587861976
23213320 32 78085.184 81431.866 91361.046 16.2613339606 18.244116867 19.0260482706 1.01633337254 1.14025730419 1.18912801691
25534648 32 87174.892 90239.048 112533.092 14.5221058353 18.1098704853 18.7464238212 0.907631614708 1.13186690533 1.17165148883
28088112 32 96004.963 103869.915 127736.092 14.0730715951 17.3066394442 18.7244399855 0.879566974697 1.08166496526 1.17027749909
30896920 32 105962.038 120142.937 130024.91 15.2078773214 16.4587526273 18.6614274067 0.950492332585 1.02867203921 1.16633921292
33986608 16 58766.127 61676.979 67447.901 16.1246152938 17.6333451092 18.5067744213 1.00778845586 1.10208406933 1.15667340133
37385264 16 64553.022 67111.969 73322.058 16.3160784167 17.8258582757 18.5324933045 1.01975490104 1.11411614223 1.15828083153
41123784 16 71963.072 74493.17 79711.914 16.5089636162 17.665526759 18.2866163357 1.03181022601 1.10409542244 1.14291352098
45236160 16 78805.923 83045.959 103817.94 13.9432271532 17.4307953985 18.3686335353 0.871451697077 1.08942471241 1.14803959596
49759776 16 86848.974 95582.008 116237.879 13.6987430061 16.6591272282 18.334273379 0.856171437884 1.04119545176 1.14589208619
54735752 16 95890.045 103804.111 120085.001 14.5858687547 16.8735519926 18.2661720933 0.911616797172 1.05459699954 1.14163575583
60209320 16 105354.071 111162.901 117653.847 16.3759901536 17.332205463 18.2878385402 1.0234993846 1.08326284144 1.14298990876
66230248 16 116508.961 121337.891 131614.923 16.1027935715 17.4666620504 18.1906002578 1.00642459822 1.09166637815 1.13691251611
72853272 8 64242.125 66551.924 88041.067 13.239870798 17.5149309282 18.1446730163 0.827491924876 1.09468318301 1.13404206352
80138592 8 71207.047 74472.904 105674.982 12.133595367 17.2172347677 18.0068901327 0.758349710436 1.07607717298 1.12543063329
88152448 8 78031.063 83112.001 88587.999 15.9213345365 16.9703430435 18.0753550416 0.995083408533 1.06064644022 1.1297096901
96967688 8 86117.983 89698.076 97048.044 15.9867519638 17.2967256065 18.0157843223 0.999171997738 1.0810453504 1.12598652014
106664456 8 94459.057 101614.952 121870.995 14.003588762 16.795080472 18.0674183101 0.875224297627 1.0496925295 1.12921364438
117330896 8 105328.083 115468.025 130422.115 14.3939878294 16.258131513 17.8233029837 0.89962423934 1.01613321956 1.11395643648
129063984 8 117460.966 119945.049 138773.918 14.8804888826 17.2164150269 17.5805104821 0.930030555165 1.07602593918 1.09878190513
141970376 4 63158.035 65011.024 68748.951 16.5204412792 17.4703140809 17.9828743564 1.03252757995 1.09189463006 1.12392964727
156167408 4 69835.901 71526.051 74395.895 16.7931209645 17.4669123562 17.8896419479 1.04957006028 1.09168202226 1.11810262174
171784144 4 77154.875 79133.987 91917.038 14.95123409 17.3664085951 17.8118771108 0.934452130627 1.08540053719 1.11324231943
188962552 4 84748.03 91050.863 123160.839 12.2741971253 16.602812606 17.837587682 0.76713732033 1.03767578787 1.11484923012
207858800 4 97419.024 98493.099 112038.851 14.8419087233 16.8831158414 17.0692574378 0.927619295203 1.05519474009 1.06682858987
228644680 4 105300.188 118379.116 157710.791 11.5981755491 15.4516903133 17.3708848459 0.724885971817 0.965730644584 1.08568030287
251509144 4 113344.908 126161.814 145468.95 13.8316331561 15.9483530571 17.7517736571 0.864477072255 0.996772066071 1.10948585357
276660056 2 64824.104 66565.99 98136.902 11.2764943813 16.6247091645 17.0714310837 0.70478089883 1.03904432278 1.06696444273
304326056 2 69539.07 72715.044 95741.034 12.7145506283 16.7407479531 17.5053279257 0.79465941427 1.04629674707 1.09408299536
334758656 2 77363.014 82808.018 114700.079 11.6742258216 16.1703498809 17.3084598798 0.729639113849 1.01064686755 1.08177874249
368234520 2 85829.973 102387.905 110401.154 13.3416909754 14.3858601267 17.1611154998 0.833855685965 0.899116257921 1.07256971874
405057968 2 96836.805 97384.93 101126.909 16.0217679747 16.6373983326 16.7315709352 1.00136049842 1.03983739579 1.04572318345
445563760 2 102420.092 104506.016 108777.046 16.3844772913 17.0540903597 17.4014200261 1.02402983071 1.06588064748 1.08758875163
490120136 2 114027.023 118874.073 136269.093 14.3868319722 16.4920785039 17.1931222303 0.899176998265 1.0307549065 1.0745701394
539132144 1 62036.037 63948.154 86192.846 12.5099046851 16.8615389273 17.3812567685 0.781869042821 1.05384618296 1.08632854803
593045352 1 69414.139 71530.819 86932.898 13.6437497344 16.5815339539 17.0871629482 0.852734358401 1.03634587212 1.06794768426
652349880 1 74535.131 77049.971 82240.105 15.8645196282 16.933163544 17.5044940888 0.991532476764 1.0583227215 1.09403088055
717584864 1 82822.084 87640.047 126222.134 11.3701906513 16.3757297848 17.3283460001 0.710636915709 1.02348311155 1.08302162501
789343344 1 90092.897 92584.133 95113.993 16.5978384274 17.0513741053 17.5228762818 1.03736490171 1.06571088158 1.09517976761
868277672 1 100822.926 102011.919 105800.867 16.4134320752 17.0230631972 17.2238141948 1.0258395047 1.06394144982 1.07648838717
955105432 1 110290.051 111248.016 123624.086 15.4517693583 17.1707409506 17.3198837672 0.965735584892 1.07317130941 1.08249273545
1050615968 1 119424.105 122133.017 136520.863 15.391288114 17.204454517 17.5947053235 0.961955507123 1.07527840731 1.09966908272

META_DATA
ERT_VERSION  1.1.0
TIMESTAMP_DATA  1588789211.13
TIMESTAMP_DATA  1588789163.85
CONFIG  {'ERT': ['GPU', 'False'], 'ERT_WORKING_SET_MIN': ['1'], 'ERT_CFLAGS': ['-O3', '-march=skylake'], 'ERT_CC': ['gcc'], 'ERT_WSS_MULT': [1.1], 'ERT_HIP': [False], 'ERT_MEMORY_MAX': ['1073741824'], 'ERT_LDFLAGS': [], 'ERT_LDLIBS': [], 'ERT_SPEC_GBYTES_DRAM': ['18.75'], 'ERT_RUN': ['ERT_CODE'], 'ERT_OCL': [False], 'ERT_FLOPS': ['1,2,4,8,16'], 'ERT_SPEC_GFLOPS': ['30.4'], 'ERT_MPI': [False], 'ERT_TRIALS_MIN': ['1'], 'ERT_DRIVER': ['driver1'], 'ERT_RESULTS': ['Results/skylake-simd'], 'ERT_OPENMP': ['False'], 'ERT_KERNEL': ['kernel1'], 'ERT_PRECISION': ['FP64'], 'ERT_LD': ['g++'], 'ERT_NUM_EXPERIMENTS': ['5'], 'ERT_GPU': [False], 'ERT_ALIGN': ['32'], 'ERT_GNUPLOT': ['gnuplot']}
TIMESTAMP_DATA  1588789260.0
FLOPS          1
UNAME  ('Linux', 'box', '5.6.8-arch1-1-surface', '#1 SMP PREEMPT Thu, 30 Apr 2020 08:30:23 +0000', 'x86_64', '')
TIMESTAMP_DATA  1588789358.4
TIMESTAMP_DATA  1588789309.2
HOSTNAME  ('localhost', [], ['127.0.0.1'])
