fp64
8 134217728 740464.926 741254.091 744930.029 2.88279914139 2.89709517165 2.90018280758 0.360349892674 0.362136896456 0.362522850947
16 67108864 371613.979 372345.924 375725.031 5.71557248205 5.76744234214 5.77880211551 0.714446560256 0.720930292767 0.722350264439
24 33554432 187384.129 187824.011 189232.111 8.51130776637 8.57511628798 8.59524627083 1.0639134708 1.071889536 1.07440578385
32 33554432 212815.046 213246.822 213928.938 10.0383036913 10.0704133729 10.0908450242 1.25478796141 1.25880167161 1.26135562802
40 16777216 120903.969 122203.112 122842.073 10.9260389964 10.9831677609 11.1011846104 1.36575487455 1.37289597011 1.3876480763
48 16777216 125809.908 126007.795 127609.015 12.6214651528 12.7818500117 12.8019546441 1.57768314409 1.59773125147 1.60024433052
56 16777216 133798.122 134160.995 135458.946 13.8717172065 14.0059202155 14.0439055789 1.73396465081 1.75074002694 1.75548819736
64 16777216 152763.844 153234.005 155313.969 13.8267257081 14.0144065803 14.0575386935 1.72834071351 1.75180082254 1.75719233669
72 8388608 86266.041 86467.028 86748.123 13.9249070784 13.9701754523 14.002723876 1.7406133848 1.74627193154 1.7503404845
80 8388608 95878.124 96116.781 96847.057 13.8587306788 13.9640265314 13.9987853746 1.73234133485 1.74550331643 1.74984817183
88 8388608 105386.972 105484.009 105651.855 13.9741513105 13.9963869595 14.0092743911 1.74676891381 1.74954836993 1.75115929889
96 8388608 115090.132 115203.857 115427.971 13.9534007403 13.9805452521 13.9943599682 1.74417509253 1.74756815651 1.74929499603
104 8388608 149848.938 150015.116 150495.052 11.5939390752 11.6310309956 11.6439294618 1.44924238439 1.45387887445 1.45549118273
112 8388608 157732.964 157923.937 177247.047 10.601294768 11.8984381196 11.9128439887 1.325161846 1.48730476495 1.48910549858
120 8388608 167759.18 167917.013 181623.936 11.0848050336 11.9896482437 12.0009284738 1.3856006292 1.49870603046 1.50011605922
128 8388608 177721.977 177967.072 183516.979 11.7018254098 12.066747089 12.0833882464 1.46272817623 1.50834338613 1.51042353079
136 4194304 107442.856 107663.87 108993.053 10.4671871885 10.5964116653 10.6182088831 1.30839839857 1.32455145816 1.32727611038
144 4194304 120627.88 120682.001 130188.942 9.27851116572 10.0094425183 10.0139333627 1.15981389571 1.25118031478 1.25174167033
152 4194304 125597.954 125717.878 126734.972 10.0609042309 10.1422998565 10.1519839726 1.25761302886 1.26778748206 1.26899799658
160 4194304 129965.067 130198.002 131024.837 10.2436859357 10.3087394536 10.3272156971 1.28046074196 1.2885924317 1.29090196214
176 4194304 140152.931 140555.859 140763.998 10.4884418529 10.5039734274 10.5341714759 1.31105523161 1.31299667842 1.31677143448
192 4194304 149128.914 149348.021 192758.083 8.3556171079 10.7842924547 10.8001372289 1.04445213849 1.34803655684 1.35001715362
208 4194304 159087.181 159565.926 161751.986 10.7870728957 10.934856255 10.9677627891 1.34838411196 1.36685703187 1.37097034864
224 4194304 168596.029 168689.966 190335.035 9.87231905046 11.1390631972 11.1452695722 1.23403988131 1.39238289964 1.39315869652
240 4194304 178483.009 178655.863 178864.002 11.2558474455 11.2689608177 11.2798743773 1.40698093068 1.40862010221 1.40998429716
264 2097152 96322.06 96565.962 96896.887 11.4275730654 11.4667345829 11.4957700863 1.42844663317 1.43334182287 1.43697126079
288 2097152 103610.039 103754.044 113112.926 10.679235298 11.6425298276 11.6587114884 1.33490441225 1.45531622845 1.45733893605
312 2097152 110509.872 110622.168 111928.94 11.6915504426 11.8296619173 11.8416827774 1.46144380533 1.47870773966 1.48021034718
336 2097152 135420.084 136685.848 138082.027 10.2061519129 10.3104027565 10.4067735182 1.27576898911 1.28880034457 1.30084668977
368 2097152 127470.97 127488.852 127887.964 12.0691879339 12.1069712982 12.1086696995 1.50864849174 1.51337141227 1.51358371243
400 2097152 136671.066 137008.19 139599.085 12.0181418095 12.2454110225 12.2756165522 1.50226772618 1.53067637781 1.53445206903
440 2097152 148903.847 149070.024 171988.964 10.7303033699 12.380046038 12.3938621948 1.34128792124 1.54750575475 1.54923277436
480 2097152 160858.87 161132.097 165498.972 12.1648243229 12.4945057967 12.5157283524 1.52060304036 1.56181322459 1.56446604405
528 1048576 87670.088 88454.962 93435.049 11.8509731396 12.5181926594 12.6302628554 1.48137164246 1.56477408243 1.57878285693
576 1048576 94769.955 95413.923 106644.869 11.3269354947 12.6602021384 12.7462290343 1.41586693683 1.5825252673 1.59327862929
632 1048576 110260.01 111159.086 114570.141 11.5684597438 11.9234523393 12.0206778868 1.44605746798 1.49043154241 1.50258473584
688 1048576 120611.906 120763.063 121807.814 11.845221818 11.9476977493 11.9626712142 1.48065272725 1.49346221866 1.49533390178
752 1048576 121258.974 121483.803 123244.047 12.7962229608 12.9816343007 13.0057038418 1.5995278701 1.62270428758 1.62571298022
824 1048576 141659.021 142030.001 143770.933 12.0194896975 12.1668185301 12.1986812827 1.50243621219 1.52085231627 1.52483516034
904 1048576 153668.88 154507.875 162715.912 11.6511371549 12.2700891977 12.3370809236 1.45639214437 1.53376114971 1.54213511545
992 1048576 166702.032 167237.997 168097.019 12.3760361509 12.4396059587 12.4796006326 1.54700451886 1.55495074484 1.55995007907
1088 524288 90591.908 90821.028 92956.066 12.2730095742 12.5615258176 12.5932957279 1.53412619678 1.5701907272 1.57416196599
1192 524288 98335.028 98545.074 101580.858 12.3045091035 12.6835623666 12.7106547628 1.53806363793 1.58544529582 1.58883184535
1304 524288 106745.005 106903.076 109802.961 12.4526979195 12.7904935495 12.8094340714 1.55658723994 1.59881169369 1.60117925893
1432 524288 116549.015 117047.787 119830.132 12.5307450383 12.8286135986 12.8835137045 1.56634312979 1.60357669983 1.61043921306
1568 524288 126608.849 127282.143 129781.008 12.6687809976 12.9175006741 12.9861947327 1.5835976247 1.61468758426 1.62327434159
1720 524288 138086.081 138851.166 141069.889 12.7848028575 12.989093084 13.0610609479 1.59810035719 1.6236366355 1.63263261849
1888 524288 150606.155 151938.915 154167.175 12.8413294724 13.0296539764 13.1449573757 1.60516618405 1.62870674705 1.64311967197
2072 262144 82422.972 82628.965 83976.03 12.9361287501 13.147020975 13.1798782504 1.61701609376 1.64337762188 1.64748478131
2272 262144 89719.057 91388.941 104043.007 11.44894184 13.0342065787 13.2768040128 1.43111773 1.62927582233 1.6596005016
2496 262144 98273.039 99256.039 99620.819 13.1360378396 13.184314639 13.3161939563 1.64200472996 1.64803932988 1.66452424454
2744 262144 107607.126 109310.15 109459.877 13.1431380286 13.1611407724 13.3694330987 1.64289225357 1.64514259655 1.67117913734
3016 262144 118098.021 119464.874 119667.053 13.2137674352 13.2361300444 13.389323501 1.6517209294 1.65451625555 1.67366543763
3312 262144 129067.183 130910.158 132143.021 13.1406247781 13.2643782769 13.4537828721 1.64257809726 1.65804728461 1.68172285902
3640 262144 141739.13 143290.997 144062.042 13.2471280672 13.318410507 13.4642305198 1.6558910084 1.66480131337 1.68302881498
4000 262144 156173.944 156619.072 157850.981 13.2856443889 13.3901444647 13.4283091423 1.66070554861 1.67376805808 1.67853864278
4400 131072 85319.996 85848.093 86099.148 13.3965739127 13.435750984 13.5189129638 1.67457173908 1.679468873 1.68986412048
4840 131072 94198.942 94326.019 94606.161 13.411145179 13.4509753878 13.4691211288 1.67639314738 1.68137192348 1.6836401411
5320 131072 102962.017 103400.946 104507.923 13.3445009715 13.4873628719 13.5448597515 1.66806262143 1.68592035899 1.69310746894
5848 131072 113088.846 113505.84 114350.796 13.4062740761 13.5060725686 13.5558736889 1.67578425952 1.68825907108 1.69448421111
6432 131072 124212.98 125066.996 125528.097 13.432133907 13.4816559278 13.5743479305 1.67901673838 1.68520699098 1.69679349131
7072 131072 136127.949 137363.911 145597.935 12.7328891581 13.4961385018 13.61867553 1.59161114476 1.68701731272 1.70233444125
7776 131072 149492.025 150233.984 151319.981 13.47100185 13.5683797349 13.6357223337 1.68387523126 1.69604746686 1.70446529171
8552 65536 82446.098 82822.084 83590.984 13.4096727944 13.5341649215 13.5958859326 1.6762090993 1.69177061519 1.69948574158
9400 65536 90450.764 90610.981 91928.005 13.4026274148 13.5974336267 13.6215189957 1.67532842685 1.69967920334 1.70268987446
10336 65536 99295.139 99383.116 99787.951 13.5763905203 13.6316936571 13.6437715445 1.69704881504 1.70396170714 1.70547144307
11368 65536 108994.961 109561.92 110249.996 13.5149800459 13.5998574687 13.6705998363 1.68937250574 1.69998218359 1.70882497953
12504 65536 119412.184 120301.962 120597.839 13.5899971475 13.6234211043 13.7249335294 1.69874964343 1.70292763804 1.71561669117
13752 65536 131909.847 132121.086 132991.076 13.5535571124 13.6428044801 13.6646519194 1.69419463904 1.70535056002 1.70808148993
15120 65536 144344.091 145279.169 146320.105 13.5443358245 13.6413819933 13.7297524704 1.69304197807 1.70517274916 1.7162190588
16632 32768 79529.047 80012.798 81165.075 13.4293568016 13.6227550998 13.705618175 1.67866960019 1.70284438747 1.71320227187
18288 32768 87814.093 87862.015 88595.867 13.5279715475 13.6409615464 13.6484057064 1.69099644343 1.70512019329 1.70605071329
20112 32768 96249.104 96921.206 97487.926 13.5202387217 13.5992945857 13.6942576837 1.69002984021 1.69991182322 1.71178221046
22120 32768 106433.868 106604.099 107180.834 13.5253315905 13.5985045003 13.6202540342 1.69066644882 1.69981306254 1.70253175427
24328 32768 117055.178 117677.927 120057.106 13.280011997 13.5485035184 13.6205833457 1.66000149962 1.6935629398 1.70257291822
26760 32768 128973.961 129014.015 132045.984 13.2813078208 13.5934329305 13.5976544909 1.6601634776 1.69917911632 1.69970681136
29432 32768 141487.122 141988.039 142533.064 13.5326884715 13.5846340691 13.6327287228 1.69158605894 1.69807925863 1.70409109035
32368 32768 155639.887 156096.935 157272.816 13.4878315398 13.5894356158 13.6293419951 1.68597894248 1.69867945197 1.70366774939
35600 16384 85803.986 86196.184 86389.065 13.5033386459 13.5335550353 13.5954150195 1.68791733074 1.69169437942 1.69942687744
39160 16384 94217.062 94603.062 94809.055 13.5345181955 13.5639888696 13.6195594806 1.69181477444 1.6954986087 1.70244493508
43072 16384 103598.118 104358.912 105275.869 13.4065224007 13.5243197629 13.6236383754 1.67581530009 1.69053997037 1.70295479692
47376 16384 114191.055 114406.109 116848.946 13.285671982 13.5693520352 13.5949069566 1.66070899775 1.6961690044 1.69936336957
52112 16384 125455.856 126099.11 127595.901 13.382922199 13.5417769087 13.6112101136 1.67286527488 1.69272211358 1.7014012642
57320 16384 137670.994 138468.981 140391.111 13.3787798004 13.564494708 13.6431190437 1.67234747505 1.6955618385 1.70538988046
63048 16384 151500.94 152021.885 158455.849 13.0380599835 13.5898648014 13.6365943604 1.62975749794 1.69873310017 1.70457429505
69352 8192 83337.069 83664.894 84905.863 13.3826231529 13.5811224239 13.6345468065 1.67282789411 1.69764030299 1.70431835082
76280 8192 91648.102 92065.096 94125.032 13.2777805589 13.5748679391 13.6366328677 1.65972256987 1.69685849239 1.70457910847
83904 8192 100708.008 101284.981 103367.09 13.2990406908 13.5724282359 13.6501869444 1.66238008635 1.69655352949 1.70627336805
92288 8192 110912.085 111277.103 114633.083 13.1903160277 13.5881196691 13.6328389463 1.64878950346 1.69851495864 1.70410486828
101512 8192 121887.922 122483.969 125349.998 13.2682300322 13.5786962292 13.6450977317 1.65852875403 1.69733702865 1.70563721646
111656 8192 134143.829 134793.043 137532.949 13.3013355512 13.571708623 13.6373914301 1.6626669439 1.69646357787 1.70467392876
122816 8192 147459.03 148554.087 151715.994 13.2630534919 13.5453516267 13.6459418186 1.65788168649 1.69316895334 1.70574272732
135096 4096 81413.984 81629.992 82952.976 13.3413710438 13.5575957425 13.5935668251 1.66767138047 1.69469946781 1.69919585314
148600 4096 89841.127 90480.089 91067.076 13.3674128288 13.4541335387 13.5498211192 1.67092660359 1.68176669234 1.6937276399
163456 4096 98963.022 99571.943 100226.164 13.3600997839 13.4478801122 13.5306251258 1.67001247299 1.68098501402 1.69132814073
179800 4096 109495.878 109724.045 112331.867 13.1122328805 13.4238725887 13.4518451918 1.63902911006 1.67798407359 1.68148064898
197776 4096 120661.974 121317.148 123669.147 13.1009312452 13.3549215318 13.4274364847 1.63761640565 1.66936519147 1.67842956058
217552 4096 132854.939 133791.924 135002.851 13.2010988716 13.3205796786 13.4145256278 1.65013735895 1.66507245983 1.67681570348
239304 4096 146281.004 146939.039 148724.079 13.1813111984 13.3414399695 13.4014555164 1.6476638998 1.66767999619 1.67518193955
263232 2048 81075.907 81752.062 88816.881 12.1395646848 13.1886370279 13.2986273222 1.5174455856 1.64857962849 1.66232841527
289552 2048 89476.824 90109.11 90949.059 13.0403217476 13.1618766626 13.2548847733 1.63004021845 1.64523458283 1.65686059666
318504 2048 99124.908 100048.78 104171.038 12.5235613377 13.0395631411 13.1610955341 1.56544516721 1.62994539264 1.64513694177
350352 2048 109149.933 109762.907 110786.915 12.9531704353 13.0740140838 13.1474363067 1.61914630442 1.63425176048 1.64342953834
385384 2048 120721.817 120908.022 122112.989 12.9268219288 13.0556503852 13.0757878172 1.6158527411 1.63195629815 1.63447347715
423920 2048 133229.971 133623.123 133922.815 12.9655004638 12.9945796881 13.0329257521 1.62068755798 1.62432246102 1.62911571901
466312 2048 147503.853 147685.051 155420.065 12.2893652888 12.9330215825 12.9489088804 1.5361706611 1.61662769782 1.61861361005
512936 2048 161871.91 162266.97 163018.942 12.8879860845 12.9477111454 12.9793109626 1.61099826056 1.61846389318 1.62241387032
564224 1024 89269.161 89510.918 90008.974 12.8379504915 12.9093833224 12.9443442624 1.60474381143 1.6136729153 1.6180430328
620640 1024 98109.961 98515.987 98904.848 12.8514501129 12.9021771867 12.9555725743 1.60643126412 1.61277214834 1.61944657179
682704 1024 108069.897 108217.001 156128.883 8.95527954299 12.9201306549 12.9377174478 1.11940994287 1.61501633186 1.61721468098
750968 1024 119078.875 119265.079 139461.04 11.0280438465 12.8954969627 12.9156616906 1.37850548081 1.61193712034 1.61445771133
826064 1024 130653.143 131114.006 133102.894 12.7103102056 12.9031148053 12.9486289664 1.5887887757 1.61288935066 1.6185786208
908664 1024 143783.092 144296.885 153059.959 12.1582671533 12.8966323285 12.9427170199 1.51978339417 1.61207904107 1.61783962749
999528 1024 158071.995 158518.076 168085.098 12.1785534135 12.913564154 12.9500063816 1.52231917668 1.61419551925 1.6187507977
1099480 512 86870.909 87110.996 97784.996 11.5137042088 12.9245166707 12.9602364354 1.4392130261 1.61556458383 1.62002955443
1209424 512 95676.899 95808.983 98045.111 12.6314322394 12.9262427929 12.9440877468 1.57892902992 1.61578034911 1.61801096835
1330360 512 105118.99 105414.867 105653.048 12.8939833331 12.9231168124 12.9594913345 1.61174791663 1.61538960154 1.61993641682
1463392 512 115668.058 115992.069 124656.916 12.021101244 12.9191023224 12.9552914946 1.5026376555 1.6148877903 1.61941143682
1609728 512 127257.824 127545.118 127836.943 12.8942497632 12.9237519856 12.9529283166 1.61178122039 1.61546899819 1.61911603958
1770696 512 139899.015 140604.973 158674.002 11.4271568193 12.8956513082 12.960725306 1.42839460241 1.61195641352 1.62009066325
1947760 512 154031.038 154511.929 154913.187 12.8749932696 12.9084288372 12.9487294632 1.6093741587 1.61355360465 1.6185911829
2142536 256 84696.054 85458.994 87394.953 12.5519654665 12.8363134254 12.9519426253 1.56899568331 1.60453917817 1.61899282817
2356784 256 93183.994 93230.009 94622.135 12.7525489464 12.9429721282 12.9493634712 1.5940686183 1.61787151603 1.61867043389
2592456 256 102491.856 102766.037 103264.809 12.8537251446 12.9161103293 12.9506628507 1.60671564308 1.61451379117 1.61883285634
2851696 256 112784.863 112851.143 113199.949 12.898136129 12.9380023382 12.9456055818 1.61226701613 1.61725029227 1.61820069773
3136864 256 124155.045 124542.952 126970.053 12.6492375962 12.8957467461 12.9360379033 1.58115469953 1.61196834326 1.61700473791
3450544 256 136512.995 137053.013 139381.17 12.6751592629 12.8904756585 12.9414677921 1.58439490786 1.61130945731 1.61768347402
3795592 256 150443.792 150573.015 158653.021 12.2490141804 12.9063172707 12.9174030923 1.53112677256 1.61328965884 1.61467538654
4175144 256 165549.04 166631.937 169932.127 12.579573773 12.8287155901 12.912631375 1.57244672163 1.60358944876 1.61407892187
4592656 128 91266.155 91367.96 91516.972 12.8470152618 12.8679674582 12.8823213381 1.60587690773 1.60849593227 1.61029016726
5051920 128 100729.942 100894.928 113934.994 11.3511351921 12.8182015255 12.8391965122 1.41889189901 1.60227519068 1.60489956402
5557112 128 111738.92 111878.157 120821.953 11.7745214067 12.7158036041 12.7316486682 1.47181517584 1.58947545051 1.59145608352
6112816 128 124084.949 124474.049 124773.979 12.5417247133 12.5719449843 12.6113675237 1.56771558916 1.57149312304 1.57642094046
6724096 128 138929.844 139773.13 172401.19 9.98466760003 12.3154470105 12.3902001646 1.24808345 1.53943087631 1.54877502058
7396504 128 154891.968 156346.083 193212.032 9.80014031424 12.1109847312 12.2246818118 1.22501753928 1.5138730914 1.52808522647
8136152 128 173930.883 175383.091 223546.028 9.31734252062 11.8760303523 11.9751873622 1.16466781508 1.48450379404 1.49689842028
8949760 64 96928.12 97889.9 113008.976 10.1369760222 11.7026299955 11.8187506371 1.26712200277 1.46282874944 1.47734382963
9844736 64 108069.181 109730.959 145200.014 8.67855431474 11.4837801427 11.660366039 1.08481928934 1.43547251783 1.45754575488
10829208 64 120667.934 121274.948 165389.061 8.38107802063 11.4297193844 11.4872160155 1.04763475258 1.42871492305 1.43590200194
11912128 64 133821.964 134266.138 147965.908 10.3047546871 11.3561945455 11.3938873592 1.28809433589 1.41952431819 1.4242359199
13103336 64 148113.012 149091.005 216678.143 7.74063772551 11.2496861095 11.3239679982 0.967579715689 1.40621076369 1.41549599977
14413664 64 163720.131 165592.909 185164.213 9.96385296116 11.1414734069 11.268919593 1.24548162014 1.39268417587 1.40861494913
15855024 64 180979.013 181329.966 205095.053 9.89513419419 11.1919894807 11.2136928938 1.23689177427 1.39899868508 1.40171161172
17440520 32 100033.998 100774.05 111334.085 10.0256204558 11.0761974933 11.1581392558 1.25320255697 1.38452468666 1.39476740698
19184568 32 110246.181 110800.028 113380.909 10.8290925062 11.0813361166 11.1370057526 1.35363656328 1.38516701458 1.39212571908
21103024 32 121825.933 122951.984 128579.14 10.5039863853 10.9847234023 11.0862564541 1.31299829817 1.37309042528 1.38578205676
23213320 32 133808.851 134696.96 140965.223 10.5391418421 11.0295917592 11.1027967799 1.31739273026 1.3786989699 1.38784959748
25534648 32 147274.971 149125.099 177592.993 9.20203801059 10.9587016737 11.0963693349 1.15025475132 1.36983770921 1.38704616686
28088112 32 162348.986 163703.918 166337.967 10.8071488453 10.9810393664 11.0726849135 1.35089360567 1.37262992081 1.38408561418
30896920 32 178858.042 180124.044 185703.039 10.648198816 10.9780062455 11.0557113222 1.331024852 1.37225078069 1.38196391527
33986608 16 98906.04 99912.882 114017.01 9.53867722018 10.8851975264 10.9960064724 1.19233465252 1.3606496908 1.37450080905
37385264 16 108975.172 109613.895 114631.176 10.4363270948 10.9140218765 10.9779909134 1.30454088685 1.36425273456 1.37224886417
41123784 16 120137.93 121164.083 143299.103 9.18331699536 10.8609833493 10.9537519749 1.14791462442 1.35762291867 1.36921899686
45236160 16 132123.232 132760.048 138558.149 10.4472896791 10.9035597818 10.9561134563 1.30591120988 1.36294497272 1.36951418203
49759776 16 145575.047 148790.121 168709.993 9.43816547962 10.7017375972 10.9380890806 1.17977068495 1.33771719965 1.36726113508
54735752 16 160135.984 161519.051 207217.932 8.45266646132 10.8441948684 10.9378543176 1.05658330766 1.35552435855 1.3672317897
60209320 16 176198.959 178204.06 184171.915 10.4614117739 10.8117527738 10.9347878724 1.30767647174 1.35146909672 1.36684848405
66230248 16 194060.802 196352.959 201215.982 10.5328011967 10.7936643623 10.9211541649 1.31660014958 1.34920804529 1.36514427061
72853272 8 106878.996 107680.082 117598.057 9.91217356593 10.8251436138 10.9062808936 1.23902169574 1.35314295173 1.3632851117
80138592 8 117500.067 119158.983 120460.033 10.6443393719 10.7605607208 10.912482901 1.33054242149 1.3450700901 1.36406036262
88152448 8 130064.011 130576.849 140349.15 10.0495027437 10.8016021125 10.8441924646 1.25618784296 1.35020026406 1.35552405807
96967688 8 142437.935 143889.904 152330.875 10.1849543502 10.7824313233 10.8923441498 1.27311929377 1.34780391542 1.36154301872
106664456 8 156783.819 158327.103 161848.068 10.5446504063 10.7791481285 10.8852514685 1.31808130079 1.34739351607 1.36065643356
117330896 8 172297.955 174171.925 192084.074 9.77329508328 10.7783980455 10.895627496 1.22166188541 1.34729975569 1.361953437
129063984 8 190124.035 192135.096 215936.184 9.56312048193 10.7477696006 10.8614554914 1.19539006024 1.34347120008 1.35768193643
141970376 4 104306.936 105576.038 112049.103 10.1362971911 10.7577725923 10.8886623609 1.26703714888 1.34472157404 1.36108279511
156167408 4 115088.94 116835.117 124883.89 10.0040066337 10.6931828039 10.8554241963 1.25050082921 1.33664785049 1.35692802453
171784144 4 126294.136 127241.85 128633.022 10.6836730618 10.8004807538 10.8815278011 1.33545913273 1.35006009422 1.36019097514
188962552 4 138849.02 139405.012 141496.897 10.6836294509 10.8439459551 10.8873682796 1.33545368136 1.35549324439 1.36092103495
207858800 4 153029.919 155211.926 169244.051 9.8252812443 10.7135478752 10.8663090908 1.22816015554 1.3391934844 1.35828863635
228644680 4 168487.072 169368.982 198523.998 9.21378502563 10.7998372453 10.8563667128 1.1517231282 1.34997965566 1.3570458391
251509144 4 185320.854 186104.059 208679.914 9.64191096993 10.8115489947 10.8572408802 1.20523887124 1.35144362434 1.35715511002
276660056 2 101830.959 103258.133 106175.9 10.4227063204 10.7172209283 10.8674241593 1.30283829005 1.33965261603 1.35842801991
304326056 2 112049.818 112560.034 117939.949 10.3213901169 10.8147108769 10.8639553881 1.29017376462 1.35183885961 1.35799442352
334758656 2 123376.131 123898.983 146691.084 9.12826183765 10.8074706634 10.8532713187 1.14103272971 1.35093383293 1.35665891484
368234520 2 135527.134 136802.912 137862.921 10.6840771203 10.7668620387 10.8682153642 1.33550964004 1.34585775484 1.35852692052
405057968 2 149121.046 149845.123 153913.975 10.5268665305 10.8127100807 10.8652126273 1.31585831631 1.35158876008 1.35815157842
445563760 2 164114.952 164813.995 167346.001 10.6501202858 10.8137360544 10.8597968575 1.33126503573 1.3517170068 1.35747460719
490120136 2 180576.086 181164.98 183440.924 10.687258335 10.8215204947 10.8568115935 1.33590729188 1.35269006184 1.35710144919
539132144 1 99254.847 100342.989 100997.925 10.6761033754 10.745786016 10.8635932712 1.33451292192 1.343223252 1.3579491589
593045352 1 109462.023 110102.177 116634.13 10.1693278288 10.7726362577 10.8356366116 1.2711659786 1.34657953221 1.35445457645
652349880 1 120480.061 121001.959 122298.002 10.6682017585 10.7824680756 10.829175792 1.33352521982 1.34780850945 1.353646974
717584864 1 132504.94 132781.982 137233.019 10.4579039247 10.808467432 10.8310658305 1.30723799059 1.351058429 1.35388322881
789343344 1 145615.816 148319.006 151652.098 10.4099231651 10.6438596817 10.8414506842 1.30124039563 1.33048246022 1.35518133552
868277672 1 160294.056 160966.158 162684.917 10.6743475426 10.7883257299 10.8335604409 1.33429344283 1.34854071624 1.35419505512
955105432 1 176167.011 177303.076 186244.011 10.2564955176 10.7737040276 10.8431814399 1.2820619397 1.34671300345 1.35539767999
1050615968 1 193695.068 195813.894 217404.842 9.66506503107 10.7307601778 10.8481437225 1.20813312888 1.34134502223 1.35601796531

META_DATA
ERT_VERSION  1.1.0
TIMESTAMP_DATA  1588784709.51
TIMESTAMP_DATA  1588784499.2
CONFIG  {'ERT': ['GPU', 'False'], 'ERT_WORKING_SET_MIN': ['1'], 'ERT_CFLAGS': ['-O3', '-march=skylake', '-fno-tree-vectorize'], 'ERT_CC': ['gcc'], 'ERT_WSS_MULT': [1.1], 'ERT_HIP': [False], 'ERT_MEMORY_MAX': ['1073741824'], 'ERT_LDFLAGS': [], 'ERT_LDLIBS': [], 'ERT_SPEC_GBYTES_DRAM': ['18.75'], 'ERT_RUN': ['ERT_CODE'], 'ERT_OCL': [False], 'ERT_FLOPS': ['1,2,4,8,16'], 'ERT_SPEC_GFLOPS': ['8'], 'ERT_MPI': [False], 'ERT_TRIALS_MIN': ['1'], 'ERT_DRIVER': ['driver1'], 'ERT_RESULTS': ['Results/skylake-scalar'], 'ERT_OPENMP': ['False'], 'ERT_KERNEL': ['kernel1'], 'ERT_PRECISION': ['FP64'], 'ERT_LD': ['g++'], 'ERT_NUM_EXPERIMENTS': ['5'], 'ERT_GPU': [False], 'ERT_ALIGN': ['32'], 'ERT_GNUPLOT': ['gnuplot']}
TIMESTAMP_DATA  1588784570.22
FLOPS          2
TIMESTAMP_DATA  1588784640.06
UNAME  ('Linux', 'box', '5.6.8-arch1-1-surface', '#1 SMP PREEMPT Thu, 30 Apr 2020 08:30:23 +0000', 'x86_64', '')
TIMESTAMP_DATA  1588784427.13
HOSTNAME  ('localhost', [], ['127.0.0.1'])
