fp64
8 134217728 1009723.186 1010434.866 1011144.161 2.12381550607 2.12530636091 2.12680433388 0.530953876517 0.531326590229 0.531701083469
16 67108864 508348.942 508506.06 510581.97 4.20595276406 4.2231230204 4.22442828257 1.05148819101 1.0557807551 1.05610707064
24 33554432 258013.01 258450.985 258958.101 6.21958814874 6.23179182699 6.24237024327 1.55489703719 1.55794795675 1.56059256082
32 33554432 258788.109 259213.924 259983.063 8.26009057367 8.28459989672 8.29823153892 2.06502264342 2.07114997418 2.07455788473
40 16777216 135260.105 135851.86 136351.109 9.84353768622 9.87971221005 9.9229353696 2.46088442156 2.46992805251 2.4807338424
48 16777216 160528.183 160665.989 161259.174 9.98772780518 10.0246028797 10.0332085363 2.49693195129 2.50615071993 2.50830213409
56 16777216 165383.101 165559.053 166256.905 11.3020760972 11.3497157537 11.3617907793 2.82551902431 2.83742893842 2.84044769483
64 16777216 182239.056 182462.931 185388.088 11.5837197048 11.7694242673 11.7838826382 2.8959299262 2.94235606683 2.94597065955
72 8388608 102311.85 102692.842 102963.924 11.7318717573 11.7628408025 11.8066436293 2.93296793933 2.94071020062 2.95166090731
80 8388608 114015.102 114157.2 114394.188 11.7329149624 11.7572722526 11.7719254419 2.93322874061 2.93931806316 2.94298136049
88 8388608 125105.143 125245.81 132494.926 11.143030549 11.7879792386 11.8012335272 2.78575763724 2.94699480965 2.95030838181
96 8388608 136449.814 137011.051 138489.962 11.6298157118 11.7553491068 11.8037004873 2.90745392796 2.93883727671 2.95092512182
104 8388608 184687.853 186083.078 186195.85 9.37094174763 9.37662082309 9.4474565363 2.34273543691 2.34415520577 2.36186413407
112 8388608 194490.91 194936.037 202157.021 9.29499347935 9.63930641516 9.66136768037 2.32374836984 2.40982660379 2.41534192009
120 8388608 205156.088 205811.024 212743.998 9.46332652825 9.78210924212 9.81333744285 2.36583163206 2.44552731053 2.45333436071
128 8388608 216523.886 217182.159 222753.048 9.64064764672 9.88793765514 9.91799882993 2.41016191168 2.47198441378 2.47949970748
136 4194304 122302.055 122780.085 127215.862 8.96783364955 9.29182194327 9.32813997279 2.24195841239 2.32295548582 2.3320349932
144 4194304 133947.849 134343.863 134624.004 8.97283928652 8.99154993035 9.01813325871 2.24320982163 2.24788748259 2.25453331468
152 4194304 140048.981 140147.209 141619.205 9.00349932059 9.0980649925 9.10444622228 2.25087483015 2.27451624813 2.27611155557
160 4194304 145706.177 145949.125 157111.168 8.54285088123 9.19619956612 9.21153315278 2.13571272031 2.29904989153 2.30288328819
176 4194304 157322.168 157593.012 157985.926 9.3451046266 9.36840402543 9.38453255996 2.33627615665 2.34210100636 2.34613313999
192 4194304 168896.914 169772.863 174354.792 9.23755933247 9.486867969 9.53606965252 2.30938983312 2.37171699225 2.38401741313
208 4194304 180095.911 180250.168 182987.213 9.53525896916 9.68004903052 9.68834025332 2.38381474229 2.42001225763 2.42208506333
224 4194304 191467.047 192019.939 193002.939 9.73585273745 9.7856930993 9.81395086748 2.43396318436 2.44642327482 2.45348771687
240 4194304 202387.094 203040.838 203889.132 9.8743169891 9.91557136895 9.94760031487 2.46857924727 2.47889284224 2.48690007872
264 2097152 109729.052 110099.077 110215.902 10.0466106606 10.057271016 10.091185842 2.51165266515 2.514317754 2.5227964605
288 2097152 118247.032 118391.991 118452.787 10.1978145267 10.203051252 10.2155591694 2.54945363168 2.550762813 2.55388979235
312 2097152 126729.012 126881.123 127127.886 10.2937513489 10.3137710091 10.3261504793 2.57343783723 2.57844275228 2.58153761982
336 2097152 167479.038 167932.034 169029.951 8.33749365519 8.39200306476 8.41470168941 2.0843734138 2.09800076619 2.10367542235
368 2097152 146908.998 147274.017 148987.055 10.3599864565 10.480490065 10.5065305258 2.58999661414 2.62012251625 2.62663263145
400 2097152 157993.078 158374.786 176860.094 9.48615123997 10.5933630117 10.6189563571 2.37153780999 2.64834075293 2.65473908927
440 2097152 172266.006 172757.864 172865.152 10.6759155252 10.6825456004 10.7130466588 2.6689788813 2.67063640009 2.6782616647
480 2097152 186392.069 186600.208 188032.15 10.7070302605 10.7891944043 10.8012424069 2.67675756513 2.69729860108 2.70031060173
528 1048576 101714.849 101861.0 102530.003 10.79972909 10.8706595851 10.8862793081 2.69993227251 2.71766489628 2.72156982704
576 1048576 110244.036 110378.027 111180.067 10.8648931827 10.94384077 10.9571419537 2.71622329567 2.73596019251 2.73928548842
632 1048576 129265.785 129683.971 129897.833 10.2034039629 10.2202304092 10.2532937389 2.55085099072 2.5550576023 2.56332343474
688 1048576 145430.803 145997.047 146491.051 9.8493427834 9.88266958578 9.92114838285 2.46233569585 2.47066739644 2.48028709571
752 1048576 141534.09 141731.024 143617.153 10.9809884896 11.1271213563 11.1426039055 2.7452471224 2.78178033907 2.78565097638
824 1048576 169988.871 171193.838 173415.899 9.96479133669 10.09413229 10.1656845994 2.49119783417 2.52353307249 2.54142114986
904 1048576 185158.968 185550.928 187706.947 10.0999213844 10.2172779648 10.2389067539 2.52498034609 2.5543194912 2.55972668847
992 1048576 199669.123 202635.05 204329.014 10.1814947534 10.2666087826 10.4191111412 2.54537368834 2.56665219566 2.6047777853
1088 524288 108855.009 109094.143 109570.026 10.4120691548 10.4574879698 10.4804611058 2.60301728869 2.61437199245 2.62011527646
1192 524288 118125.916 118300.915 119081.974 10.4961527762 10.5654516028 10.5811039129 2.62403819406 2.6413629007 2.64527597822
1304 524288 127778.053 128811.121 141563.177 9.6588896419 10.6151013467 10.7009229824 2.41472241048 2.65377533668 2.67523074561
1432 524288 139437.914 139770.985 145743.847 10.3027391064 10.7430081572 10.768669646 2.57568477659 2.68575203931 2.69216741151
1568 524288 151299.953 153039.932 153851.986 10.6866814706 10.7433866868 10.8669377313 2.67167036765 2.6858466717 2.71673443283
1720 524288 165181.875 166185.856 167136.192 10.7909047012 10.8526126315 10.9185751766 2.69772617531 2.71315315787 2.72964379415
1888 524288 180258.989 181195.974 182587.862 10.8425142083 10.9258028437 10.9825950927 2.71062855208 2.73145071093 2.74564877317
2072 262144 98047.972 98865.032 98993.063 10.9737460695 10.9879571576 11.0795227463 2.74343651736 2.7469892894 2.76988068657
2272 262144 107017.994 107694.864 107807.875 11.0491217455 11.0607162845 11.1306733707 2.76228043638 2.76517907112 2.78266834267
2496 262144 117002.964 117509.842 117666.96 11.1214129098 11.1362829336 11.1845273253 2.78035322745 2.78407073341 2.79613183133
2744 262144 128093.004 128552.914 128803.015 11.1693524565 11.1910825452 11.2312634342 2.79233811413 2.7977706363 2.80781585855
3016 262144 140527.01 140685.081 141098.976 11.2066908834 11.2396609275 11.2523037955 2.80167272086 2.80991523188 2.81307594889
3312 262144 153971.91 154605.865 158266.783 10.971612761 11.2314099856 11.2776535408 2.74290319024 2.80785249641 2.81941338521
3640 262144 167991.161 168344.975 172449.112 11.0665012876 11.3362951285 11.3601710271 2.76662532191 2.83407378213 2.84004275677
4000 262144 184047.937 184387.922 184957.981 11.3385320745 11.3735866062 11.3945966153 2.83463301862 2.84339665154 2.84864915383
4400 131072 101938.963 102100.849 102159.977 11.2904645623 11.2970030249 11.3149434334 2.82261614057 2.82425075623 2.82873585834
4840 131072 111803.055 111908.913 113089.085 11.2192698349 11.33758631 11.3483210275 2.80481745873 2.83439657751 2.83708025689
5320 131072 122415.066 122571.945 122878.79 11.3494450914 11.3778571434 11.3924382478 2.83736127284 2.84446428585 2.84810956194
5848 131072 134081.841 134519.1 134682.894 11.382426279 11.3962858211 11.433450649 2.84560656975 2.84907145528 2.85836266225
6432 131072 147171.021 147690.058 153597.832 10.9774349419 11.4165451001 11.4568085248 2.74435873548 2.85413627504 2.86420213121
7072 131072 161523.104 161942.959 162332.058 11.420309647 11.44774913 11.477505831 2.85507741176 2.8619372825 2.86937645775
7776 131072 177196.026 177228.928 178071.022 11.4472962591 11.5016874898 11.5038231388 2.86182406478 2.87542187244 2.8759557847
8552 65536 97730.875 97810.984 98064.899 11.4304685512 11.4601417771 11.4695355383 2.85761713781 2.86503544428 2.86738388457
9400 65536 107033.014 107158.899 107200.861 11.4931614215 11.4976619907 11.511184764 2.87329035538 2.87441549768 2.877796191
10336 65536 117602.825 117723.942 117882.013 11.49250982 11.5079411119 11.5197929301 2.87312745499 2.87698527798 2.87994823254
11368 65536 129070.997 129531.86 129787.922 11.4804711643 11.5031660628 11.5442394545 2.87011779108 2.87579151569 2.88605986363
12504 65536 142107.01 142233.849 146896.124 11.1570288131 11.5227444066 11.5330291447 2.78925720327 2.88068610166 2.88325728618
13752 65536 155980.825 156145.096 156561.136 11.5130880502 11.5437640385 11.5559213384 2.87827201254 2.88594100964 2.8889803346
15120 65536 171322.107 171442.032 171661.854 11.5448400085 11.5596427369 11.5677344547 2.88621000214 2.88991068421 2.89193361368
16632 32768 94513.893 94633.102 94729.9 11.5063433193 11.5181128903 11.5326405188 2.87658582982 2.87952822259 2.8831601297
18288 32768 103773.832 103859.901 104059.935 11.5176159585 11.5397988681 11.5493698643 2.87940398963 2.88494971702 2.88734246607
20112 32768 113838.911 114389.896 114580.154 11.5033885537 11.5225214647 11.5782909413 2.87584713841 2.88063036616 2.89457273533
22120 32768 125767.946 126487.97 128381.014 11.2918279334 11.4608236657 11.5264371098 2.82295698334 2.86520591642 2.88160927745
24328 32768 138020.992 138404.131 139235.973 11.4507750666 11.5195969693 11.5515747634 2.86269376665 2.87989924231 2.88789369084
26760 32768 152302.027 152583.838 152723.074 11.4831591198 11.4936377469 11.5149049198 2.87078977994 2.87340943672 2.87872622995
29432 32768 167563.2 167665.958 167917.967 11.4868920013 11.504157284 11.5112121993 2.87172300031 2.87603932099 2.87780304983
32368 32768 184074.163 184513.092 193463.087 10.9647234565 11.4965785084 11.5239923595 2.74118086413 2.87414462709 2.88099808988
35600 16384 102699.041 102837.086 104269.981 11.1876955267 11.3435808556 11.35882856 2.79692388167 2.83589521391 2.83970714001
39160 16384 113249.063 113373.041 114136.934 11.2425911143 11.3183422503 11.3307328644 2.81064777857 2.82958556259 2.83268321611
43072 16384 124641.895 124687.195 124855.042 11.3041754133 11.3193924685 11.3235064021 2.82604385332 2.82984811712 2.83087660052
47376 16384 136923.075 137022.018 137263.06 11.3097928022 11.3296884009 11.3378754311 2.82744820056 2.83242210022 2.83446885779
52112 16384 150660.038 150760.889 151046.038 11.3052022987 11.3265849474 11.334166901 2.82630057466 2.83164623684 2.83354172525
57320 16384 165580.988 165884.972 166087.866 11.3088439585 11.3226758118 11.3434626927 2.82721098963 2.83066895294 2.83586567318
63048 16384 182218.075 182827.95 191421.032 10.7927370489 11.3000056282 11.3378261953 2.69818426222 2.82500140706 2.83445654884
69352 8192 100109.1 100461.006 104394.913 10.8842771678 11.3104896441 11.3502485588 2.72106929195 2.82762241103 2.83756213971
76280 8192 110144.854 110319.853 112186.909 11.1400833764 11.328618431 11.346617428 2.7850208441 2.83215460775 2.836654357
83904 8192 121124.983 121598.959 126814.842 10.8400808164 11.305056781 11.3492947694 2.7100202041 2.82626419524 2.83732369234
92288 8192 133291.006 133612.156 134276.152 11.2607232891 11.3166843292 11.3439506338 2.81518082228 2.82917108231 2.83598765846
101512 8192 146515.131 146978.855 149343.967 11.1365235664 11.3157270684 11.3515416234 2.78413089161 2.82893176709 2.83788540584
111656 8192 161138.058 161671.162 163325.071 11.2008027475 11.3153878612 11.3528233287 2.80020068689 2.8288469653 2.83820583217
122816 8192 177181.005 177453.995 180445.91 11.1513602276 11.3393747151 11.3568457522 2.78784005689 2.83484367878 2.83921143804
135096 4096 97382.069 97839.117 108180.046 10.2302270421 11.3114924371 11.3645812146 2.55755676051 2.82787310928 2.84114530366
148600 4096 107228.041 107692.003 112963.2 10.7763519447 11.303821696 11.3527318848 2.69408798618 2.82595542401 2.83818297119
163456 4096 118159.056 118355.036 119457.96 11.2092283511 11.3136846327 11.3324496431 2.80230708778 2.82842115818 2.83311241078
179800 4096 130156.994 130598.068 136894.941 10.7595035232 11.2782801657 11.3164998264 2.6898758808 2.81957004142 2.82912495659
197776 4096 143225.908 143899.918 153032.064 10.5871995035 11.2590821073 11.3120664733 2.64679987587 2.81477052683 2.82801661833
217552 4096 158461.809 158843.04 159451.008 11.1770129669 11.2197927212 11.246785552 2.79425324172 2.80494818029 2.81169638799
239304 4096 175004.959 175229.073 181861.162 10.7795328395 11.18751777 11.2018446746 2.69488320986 2.79687944249 2.80046116865
263232 2048 96827.984 97124.1 110976.934 9.71551684785 11.1012433783 11.1351928178 2.42887921196 2.77531084458 2.78379820445
289552 2048 106771.946 106994.867 110707.998 10.712911564 11.0846905581 11.1078334378 2.678227891 2.77117263952 2.77695835946
318504 2048 118057.013 118305.922 120769.978 10.8022904832 11.0272787866 11.0505284764 2.70057262079 2.75681969665 2.76263211911
350352 2048 130119.801 130534.887 142519.951 10.0690589769 10.9935498853 11.0286196334 2.51726474422 2.74838747131 2.75715490834
385384 2048 143688.917 144028.187 147083.998 10.7321862709 10.9598884557 10.9857663135 2.68304656772 2.73997211393 2.74644157837
423920 2048 158367.157 158743.143 175050.02 9.91931517631 10.9382760552 10.9642450676 2.47982879408 2.73456901379 2.74106126689
466312 2048 174308.062 175075.054 176744.938 10.8066119099 10.9096864937 10.9576914004 2.70165297747 2.72742162341 2.7394228501
512936 2048 192412.853 192718.983 197115.898 10.6586321921 10.9018106224 10.9191554683 2.66465804803 2.72545265559 2.72978886707
564224 1024 105904.818 106142.044 109793.901 10.524544091 10.8866449943 10.9110309977 2.63113602276 2.72166124858 2.72775774942
620640 1024 116538.048 116725.206 117171.049 10.8479930055 10.8894279441 10.9069161687 2.71199825138 2.72235698603 2.72672904218
682704 1024 128304.005 128554.106 132569.075 10.5467869637 10.87618152 10.8973822914 2.63669674093 2.71904538001 2.72434557284
750968 1024 141195.059 141531.944 145292.997 10.5853860527 10.8666808392 10.8926082463 2.64634651318 2.7166702098 2.72315206157
826064 1024 155307.055 155702.829 183835.03 9.20270240117 10.8654356691 10.8931244109 2.30067560029 2.71635891728 2.72328110272
908664 1024 170785.189 171363.115 175733.089 10.5896042833 10.859652452 10.8964008114 2.64740107084 2.71491311301 2.72410020286
999528 1024 187847.137 188796.043 190689.087 10.7349265561 10.842564873 10.8973358694 2.68373163903 2.71064121826 2.72433396736
1099480 512 103347.063 103613.138 106113.911 10.6099898627 10.8660691273 10.8940446619 2.65249746567 2.71651728181 2.72351116548
1209424 512 113677.025 113798.857 113950.014 10.8683635265 10.8827997807 10.8944632919 2.71709088162 2.72069994517 2.72361582299
1330360 512 124934.912 125170.946 132973.194 10.2448365646 10.8834252958 10.9039868696 2.56120914114 2.72085632396 2.72599671739
1463392 512 137544.155 138503.075 140445.948 10.6696806091 10.8193511805 10.8947807197 2.66742015227 2.70483779512 2.72369517992
1609728 512 151302.099 151482.105 163447.142 10.0849819203 10.8815590594 10.8945049863 2.52124548008 2.72038976485 2.72362624659
1770696 512 166319.847 166499.138 171894.073 10.5483142749 10.8901026503 10.9018420634 2.63707856873 2.72252566257 2.72546051585
1947760 512 183241.129 183274.031 188004.017 10.6088490652 10.882645125 10.8845991666 2.65221226629 2.72066128125 2.72114979165
2142536 256 100572.109 101104.975 105655.909 10.3825563793 10.8498956852 10.9073822047 2.59563909483 2.71247392129 2.72684555119
2356784 256 110826.015 111052.036 113143.206 10.6650098637 10.8658377772 10.8879978045 2.66625246592 2.71645944429 2.72199945112
2592456 256 121725.082 121873.14 139369.011 9.52390680307 10.8911403448 10.9043875772 2.38097670077 2.7227850862 2.72609689431
2851696 256 134037.018 134161.949 135135.174 10.8045026974 10.8828797053 10.8930232393 2.70112567436 2.72071992633 2.72325580982
3136864 256 147442.818 147614.002 148132.086 10.8421774875 10.8802305082 10.892862669 2.71054437187 2.72005762705 2.72321566724
3450544 256 162183.046 162346.84 183131.933 9.6470260487 10.8821245181 10.8931147341 2.41175651218 2.72053112952 2.72327868352
3795592 256 178515.911 178646.088 180370.808 10.7741553389 10.8781732965 10.8861058553 2.69353883473 2.71954332412 2.72152646382
4175144 256 196761.847 196902.037 198306.084 10.7796678996 10.8565343486 10.8642694739 2.69491697491 2.71413358715 2.71606736849
4592656 128 108447.79 108852.148 108964.92 10.7898939952 10.8010724419 10.8413452778 2.69747349881 2.70026811046 2.71033631944
5051920 128 119775.057 120131.969 125873.804 10.2745089042 10.7655899655 10.7976698354 2.56862722604 2.69139749137 2.69941745885
5557112 128 132613.897 132877.111 135418.177 10.5053893319 10.7062883991 10.7275383967 2.62634733297 2.67657209977 2.68188459917
6112816 128 146373.034 147387.981 171576.023 9.12062693049 10.6174254195 10.691046385 2.28015673262 2.65435635488 2.67276159624
6724096 128 163488.865 164957.047 199388.027 8.63325948854 10.435253342 10.5289652356 2.15831487214 2.60881333551 2.63224130891
7396504 128 183619.022 184094.191 220331.907 8.59387571134 10.2855229365 10.3121397956 2.14846892783 2.57138073412 2.57803494891
8136152 128 203867.912 204807.043 217850.924 9.56091841961 10.1698402628 10.2166883036 2.3902296049 2.54246006569 2.55417207589
8949760 64 113615.99 114168.167 122917.175 9.3198471247 10.0340516109 10.0828173922 2.32996178118 2.50851290273 2.52070434804
9844736 64 126551.867 128185.987 136621.952 9.22345340228 9.83045212266 9.95738931295 2.30586335057 2.45761303067 2.48934732824
10829208 64 140407.085 141975.88 167414.188 8.27969624653 9.76319797419 9.87228403752 2.06992406163 2.44079949355 2.46807100938
11912128 64 155462.98 156502.008 171104.908 8.9112136047 9.74270172942 9.80781652326 2.22780340117 2.43567543236 2.45195413082
13103336 64 171252.012 171963.93 178256.035 9.40908961652 9.75336518536 9.79391125635 2.35227240413 2.43834129634 2.44847781409
14413664 64 190017.939 190381.05 215291.977 8.56952041459 9.69082265278 9.70934113752 2.14238010365 2.42270566319 2.42733528438
15855024 64 208549.976 211078.882 240836.859 8.42662987894 9.61461920193 9.73120741093 2.10665746974 2.40365480048 2.43280185273
17440520 32 115480.9 116448.164 130099.058 8.57956465757 9.58532313141 9.66560946442 2.14489116439 2.39633078285 2.41640236611
19184568 32 127359.152 128119.946 132386.923 9.27442321475 9.58330369574 9.64055062176 2.31860580369 2.39582592394 2.41013765544
21103024 32 140216.112 141062.975 144845.963 9.32434365465 9.57440133387 9.63222782843 2.33108591366 2.39360033347 2.40805695711
23213320 32 154632.092 154972.076 156054.02 9.5201166878 9.58658177877 9.60765945015 2.38002917195 2.39664544469 2.40191486254
25534648 32 170016.05 170937.061 171219.11 9.5445973992 9.56034614401 9.61213645418 2.3861493498 2.390086536 2.40303411354
28088112 32 187040.091 188051.939 188719.034 9.52547885551 9.55926951649 9.61098317686 2.38136971388 2.38981737912 2.40274579422
30896920 32 206323.147 206998.11 211566.925 9.34646509609 9.55275813871 9.58400891394 2.33661627402 2.38818953468 2.39600222848
33986608 16 113562.107 114161.968 114789.963 9.4744473086 9.5265654145 9.57688691 2.36861182715 2.38164135362 2.3942217275
37385264 16 125199.08 125892.878 125955.105 9.49805446949 9.50274921827 9.555409257 2.37451361737 2.37568730457 2.38885231425
41123784 16 137668.133 138638.973 167751.074 7.84472526238 9.49199968468 9.55893756473 1.9611813156 2.37299992117 2.38973439118
45236160 16 151682.138 151942.968 157314.062 9.20170200678 9.52697672722 9.54335915281 2.30042550169 2.3817441818 2.3858397882
49759776 16 166646.957 167253.971 173146.963 9.19630817897 9.52032900911 9.55500694801 2.29907704474 2.38008225228 2.388751737
54735752 16 183718.204 184357.882 197463.036 8.87023768844 9.50078209295 9.53386232755 2.21755942211 2.37519552324 2.38346558189
60209320 16 201995.85 202769.995 206302.881 9.33917272828 9.50189025748 9.53830605926 2.33479318207 2.37547256437 2.38457651481
66230248 16 222520.828 223554.134 239045.143 8.86597363746 9.48033435159 9.52435758508 2.21649340936 2.3700835879 2.38108939627
72853272 8 122391.939 123107.91 145940.065 7.98719907381 9.46854147715 9.52393075495 1.99679976845 2.36713536929 2.38098268874
80138592 8 134493.113 135336.876 147542.0 8.69052521994 9.47426532884 9.53370357336 2.17263130498 2.36856633221 2.38342589334
88152448 8 148110.867 148983.002 154119.015 9.1516232958 9.46711469809 9.52286079049 2.28790582395 2.36677867452 2.38071519762
96967688 8 162741.899 163905.859 184473.991 8.41030759724 9.4656958419 9.5333962399 2.10257689931 2.36642396048 2.38334905997
106664456 8 179322.004 180405.14 187833.071 9.08589359112 9.45999263657 9.51713263254 2.27147339778 2.36499815914 2.37928315813
117330896 8 197439.909 198177.099 216151.953 8.68506765701 9.47281166932 9.50818071943 2.17126691425 2.36820291733 2.37704517986
129063984 8 217251.778 217923.88 238173.008 8.67026772404 9.47589472067 9.5052098676 2.16756693101 2.36897368017 2.3763024669
141970376 4 119420.052 119956.97 136352.062 8.32963573371 9.46808683147 9.51065578166 2.08240893343 2.36702170787 2.37766394542
156167408 4 131376.982 131978.035 133172.035 9.38139350352 9.46626659504 9.50957500302 2.34534837588 2.36656664876 2.37739375076
171784144 4 144726.992 147572.041 149581.909 9.18742888888 9.31255773578 9.4956243684 2.29685722222 2.32813943395 2.3739060921
188962552 4 159213.066 160187.96 185449.839 8.15153264166 9.43704143557 9.49482636055 2.03788316042 2.35926035889 2.37370659014
207858800 4 176151.991 177720.07 185456.991 8.9663398022 9.35668323786 9.43997504973 2.24158495055 2.33917080946 2.35999376243
228644680 4 192971.945 195763.111 197365.046 9.26788951272 9.34372891121 9.4788775643 2.31697237818 2.3359322278 2.36971939108
251509144 4 212974.072 213922.977 232516.05 8.65348070381 9.40559625813 9.44750284908 2.16337017595 2.35139906453 2.36187571227
276660056 2 116822.004 117171.049 120068.073 9.21677342152 9.44465576987 9.47287485327 2.30419335538 2.36116394247 2.36821871332
304326056 2 128491.879 128835.201 130292.177 9.34288037877 9.4485374692 9.47378335093 2.33572009469 2.3621343673 2.36844583773
334758656 2 141536.951 141803.98 143080.95 9.35858074747 9.44285642758 9.46067168001 2.33964518687 2.3607141069 2.36516792
368234520 2 155554.056 155810.118 176549.911 8.34289902304 9.45341739617 9.4689789381 2.08572475576 2.36335434904 2.36724473452
405057968 2 171124.935 171133.995 171774.149 9.43233822687 9.46762139223 9.46812264384 2.35808455672 2.36690534806 2.36703066096
445563760 2 188297.987 189136.028 190986.156 9.33185460835 9.42313877925 9.46507749974 2.33296365209 2.35578469481 2.36626937493
490120136 2 206943.035 207561.97 209844.828 9.34252496326 9.44527816921 9.47352755313 2.33563124081 2.3613195423 2.36838188828
539132144 1 113822.222 114071.846 130152.225 8.28463968249 9.45250143493 9.4732317561 2.07115992062 2.36312535873 2.36830793902
593045352 1 125091.076 125483.036 126406.193 9.38316925659 9.45219961047 9.4818171042 2.34579231415 2.36304990262 2.37045427605
652349880 1 137624.025 138239.861 139474.154 9.35441960092 9.4379417815 9.48017440995 2.33860490023 2.35948544537 2.37004360249
717584864 1 151690.96 152010.918 156411.886 9.17557971266 9.4412279518 9.46114210102 2.29389492816 2.36030698795 2.36528552525
789343344 1 166749.001 167158.127 167977.095 9.39822591884 9.44427121991 9.46744315428 2.34955647971 2.36106780498 2.36686078857
868277672 1 183311.939 183952.093 184606.791 9.40677932049 9.44025868735 9.47322554916 2.35169483012 2.36006467184 2.36830638729
955105432 1 201642.99 201958.179 202682.018 9.42466866498 9.45844765217 9.47323219121 2.35616716625 2.36461191304 2.3683080478
1050615968 1 222037.077 222609.043 223283.052 9.41061991575 9.43911310917 9.46342820033 2.35265497894 2.35977827729 2.36585705008

META_DATA
ERT_VERSION  1.1.0
TIMESTAMP_DATA  1588784780.4
TIMESTAMP_DATA  1588785017.26
CONFIG  {'ERT': ['GPU', 'False'], 'ERT_WORKING_SET_MIN': ['1'], 'ERT_CFLAGS': ['-O3', '-march=skylake', '-fno-tree-vectorize'], 'ERT_CC': ['gcc'], 'ERT_WSS_MULT': [1.1], 'ERT_HIP': [False], 'ERT_MEMORY_MAX': ['1073741824'], 'ERT_LDFLAGS': [], 'ERT_LDLIBS': [], 'ERT_SPEC_GBYTES_DRAM': ['18.75'], 'ERT_RUN': ['ERT_CODE'], 'ERT_OCL': [False], 'ERT_FLOPS': ['1,2,4,8,16'], 'ERT_SPEC_GFLOPS': ['8'], 'ERT_MPI': [False], 'ERT_TRIALS_MIN': ['1'], 'ERT_DRIVER': ['driver1'], 'ERT_RESULTS': ['Results/skylake-scalar'], 'ERT_OPENMP': ['False'], 'ERT_KERNEL': ['kernel1'], 'ERT_PRECISION': ['FP64'], 'ERT_LD': ['g++'], 'ERT_NUM_EXPERIMENTS': ['5'], 'ERT_GPU': [False], 'ERT_ALIGN': ['32'], 'ERT_GNUPLOT': ['gnuplot']}
TIMESTAMP_DATA  1588785096.35
TIMESTAMP_DATA  1588784936.91
UNAME  ('Linux', 'box', '5.6.8-arch1-1-surface', '#1 SMP PREEMPT Thu, 30 Apr 2020 08:30:23 +0000', 'x86_64', '')
FLOPS          4
HOSTNAME  ('localhost', [], ['127.0.0.1'])
TIMESTAMP_DATA  1588784858.67
