fp64
8 134217728 745722.055 747395.039 755349.159 2.84303440656 2.87329127963 2.87973734128 0.355379300819 0.359161409954 0.35996716766
16 67108864 375391.006 376605.034 386238.098 5.55999954204 5.70221705534 5.72065823015 0.694999942756 0.712777131917 0.715082278769
24 33554432 189045.906 189183.95 192137.003 8.38262651573 8.51347450986 8.51969116961 1.04782831447 1.06418431373 1.0649613962
32 33554432 203943.968 204858.065 209522.009 10.2494418522 10.4827879146 10.529772805 1.28118023152 1.31034848933 1.31622160063
40 16777216 101631.165 102230.072 103195.906 13.0061097579 13.1289869384 13.2063553537 1.62576371974 1.6411233673 1.65079441921
48 16777216 101783.037 102169.037 104751.825 15.3755100305 15.7641961135 15.8239799427 1.92193875381 1.97052451419 1.97799749284
56 16777216 101270.199 101661.921 102539.062 18.3251938856 18.4833040092 18.554799048 2.2906492357 2.31041300115 2.319349881
64 16777216 109872.103 109997.034 110553.026 19.424919658 19.5231050321 19.5453039431 2.42811495725 2.44038812901 2.44316299288
72 8388608 53482.056 54114.103 55440.903 21.7882373236 22.3224535755 22.5862586883 2.72352966545 2.79030669694 2.82328233604
80 8388608 62163.115 62258.959 63940.048 20.9911834911 21.5579781859 21.591216592 2.62389793639 2.69474727324 2.698902074
88 8388608 66468.0 66650.867 66915.035 22.0637261566 22.1511748377 22.2121172293 2.75796576958 2.76889685471 2.77651465367
96 8388608 62024.117 62138.796 62494.04 25.7722614188 25.9195999871 25.9675238263 3.22153267736 3.23994999839 3.24594047828
104 8388608 71120.024 71345.091 73000.908 23.9014898828 24.4562091034 24.5336034195 2.98768623535 3.05702613793 3.06670042744
112 8388608 79911.947 80050.945 85036.993 22.0968325162 23.4731544019 23.5139833597 2.76210406452 2.93414430023 2.93924791996
120 8388608 84207.058 84501.028 86668.968 23.2293745554 23.8253423378 23.9085175022 2.90367181942 2.97816779223 2.98856468777
128 8388608 75397.968 75481.892 76515.913 28.0658436109 28.4503155803 28.4819830688 3.50823045136 3.55628944754 3.5602478836
136 4194304 44313.192 44424.057 45055.866 25.3208025787 25.6809207678 25.7451706029 3.16510032234 3.21011509597 3.21814632537
144 4194304 48791.885 49161.911 50323.963 24.0036650532 24.571045499 24.7573864383 3.00045813165 3.07138068738 3.09467330479
152 4194304 51036.119 51422.834 53273.916 23.9341972908 24.7957632207 24.983647679 2.99177466136 3.09947040258 3.12295595988
160 4194304 46566.963 46854.019 47853.947 28.0473683811 28.6459370753 28.8225212368 3.50592104764 3.58074213442 3.6028151546
176 4194304 63056.946 63451.052 63773.87 23.1504691185 23.2682510607 23.4136776621 2.89380863981 2.90853138258 2.92670970776
192 4194304 57807.922 58536.053 60202.837 26.753103612 27.5148844764 27.8614535911 3.34413795151 3.43936055955 3.48268169889
208 4194304 69334.984 69993.019 88253.975 19.7705595017 24.9286355829 25.1652248741 2.47131993771 3.11607944787 3.14565310926
224 4194304 66524.982 67034.006 68580.866 27.3990152297 28.0312680701 28.2457527309 3.42487690371 3.50390850876 3.53071909136
240 4194304 75335.026 75728.893 80433.846 25.0300839773 26.5851756211 26.7241683835 3.12876049717 3.32314695264 3.34052104794
264 2097152 39871.931 40041.924 40313.005 27.4674700137 27.6534228475 27.7713225377 3.43343375171 3.45667785594 3.47141531721
288 2097152 40993.929 41151.047 42877.913 28.1720696621 29.3542847646 29.4667913388 3.52150870776 3.66928559558 3.68334891735
312 2097152 47625.065 47816.992 50917.864 25.7006626987 27.3673184629 27.4776076001 3.21258283733 3.42091480786 3.43470095001
336 2097152 50964.117 51017.046 52040.1 27.080773173 27.6238287885 27.6525176331 3.38509664662 3.45297859856 3.45656470414
368 2097152 55371.046 55509.806 55548.906 27.7863955053 27.8059676879 27.8756495227 3.47329943816 3.47574596099 3.48445619033
400 2097152 59862.852 59913.158 60270.071 27.8367284485 28.0025566337 28.0260887002 3.47959105606 3.50031957921 3.50326108753
440 2097152 65364.838 65400.124 66823.006 27.6176405473 28.2185055184 28.2337387572 3.45220506842 3.5273131898 3.52921734465
480 2097152 67553.997 67607.164 67832.947 29.6797649083 29.7788843798 29.8023212453 3.70997061354 3.72236054747 3.72529015567
528 1048576 38799.047 38909.912 39098.024 28.3210286024 28.457948093 28.5392642763 3.5401285753 3.55724351163 3.56740803453
576 1048576 40449.858 40500.879 41033.03 29.438711984 29.8255144536 29.8631345504 3.679838998 3.72818930671 3.7328918188
632 1048576 45987.129 46439.171 47177.076 28.0941545423 28.540562535 28.8211091412 3.51176931779 3.56757031688 3.60263864265
688 1048576 49861.908 50014.973 51764.965 27.8729170589 28.8481726462 28.9367301388 3.48411463236 3.60602158078 3.61709126735
752 1048576 54275.99 54723.978 55705.786 28.3104937071 28.8184149186 29.0562789182 3.53881171338 3.60230186482 3.63203486477
824 1048576 59302.092 60015.202 60053.11 28.7754164272 28.7935921302 29.1398362135 3.5969270534 3.59919901628 3.64247952669
904 1048576 64302.921 64835.072 65494.061 28.9465239909 29.2407388396 29.4827261113 3.61831549887 3.65509235495 3.68534076391
992 1048576 69409.132 69914.103 70844.173 29.3655031304 29.7561535474 29.972637952 3.6706878913 3.71951919343 3.746579744
1088 524288 45816.898 46053.886 47623.873 23.9554369717 24.7720830333 24.9002166842 2.99442962146 3.09651037917 3.11252708553
1192 524288 42166.948 42982.101 44357.061 28.1782102741 29.0796066949 29.6417609356 3.52227628427 3.63495083686 3.70522011695
1304 524288 53314.924 53454.876 54819.107 24.9428197362 25.5793896894 25.646535743 3.11785246702 3.19742371117 3.20581696787
1432 524288 57636.976 58063.03 59626.818 25.1826423473 25.8608762236 26.0520404818 3.14783029341 3.23260952796 3.25650506022
1568 524288 54723.978 54777.145 80678.94 20.3791369594 30.0155688654 30.044730447 2.54739211993 3.75194610818 3.75559130588
1720 524288 60783.863 60894.966 66434.86 27.1476559144 29.6174025288 29.671538316 3.3934569893 3.7021753161 3.7089422895
1888 524288 72543.859 74697.971 76680.899 25.8175310125 26.5028816914 27.2898563061 3.22719137656 3.31286021142 3.41123203826
2072 262144 36442.041 37364.006 42456.15 25.5869817682 29.0740970334 29.8096568192 3.19837272103 3.63426212917 3.7262071024
2272 262144 43354.034 43431.997 46600.103 25.5617962046 27.4263772859 27.4756977863 3.19522452558 3.42829716073 3.43446222328
2496 262144 47318.22 48036.814 65761.805 19.8994362761 27.2420824578 27.655791955 2.48742953451 3.40526030723 3.45697399437
2744 262144 51496.983 51697.016 55177.927 26.0728583007 27.8284199614 27.9365156596 3.25910728759 3.47855249518 3.49206445745
3016 262144 52629.232 52824.02 54059.029 29.2504811361 29.9343481999 30.0451393249 3.65631014201 3.74179352499 3.75564241561
3312 262144 61372.042 61618.09 64496.04 26.923232124 28.1807153711 28.2936952953 3.3654040155 3.52258942139 3.53671191192
3640 262144 67074.06 67363.977 69208.145 27.5749092827 28.3298048154 28.4522559094 3.44686366034 3.54122560193 3.55653198867
4000 262144 73299.885 73777.199 94197.035 22.2634608404 28.4254760065 28.610576947 2.78293260504 3.55318450081 3.57632211838
4400 131072 40180.922 40355.921 41187.048 28.0047649931 28.5815209124 28.7060013207 3.50059562414 3.57269011405 3.58825016509
4840 131072 43893.099 44506.788 45182.943 28.0808835316 28.5074932839 28.9060692662 3.51011044146 3.56343666049 3.61325865827
5320 131072 48044.92 48211.813 49008.846 28.4562113542 28.9266466706 29.0271287787 3.55702641927 3.61583083382 3.62839109733
5848 131072 52660.942 53415.06 55461.884 27.6409310582 28.7001102685 29.1111031018 3.45511638227 3.58751378357 3.63888788773
6432 131072 57661.057 58284.998 67597.866 24.9432461078 28.928716923 29.2417499041 3.11790576347 3.61608961538 3.65521873801
7072 131072 63197.136 63477.993 63761.95 29.0750575853 29.2051194498 29.3349111264 3.63438219816 3.65063993123 3.66686389079
7776 131072 69318.056 70204.973 70572.853 28.8840773378 29.0354323475 29.4069375517 3.61050966722 3.62942904344 3.67586719397
8552 65536 37999.868 38141.966 38741.112 28.9338040684 29.3883053642 29.4982009938 3.61672550855 3.67353817053 3.68727512422
9400 65536 41740.894 41949.034 42964.935 28.6763333867 29.3708026745 29.517259501 3.58454167334 3.67135033431 3.68965743762
10336 65536 45805.931 46792.03 47452.927 28.5495601146 28.9527979872 29.5760868172 3.56869501432 3.6190997484 3.69701085215
11368 65536 50262.928 50310.135 51200.867 29.1015872055 29.6168256356 29.6446417925 3.63769840069 3.70210320445 3.70558022406
12504 65536 55225.134 55494.07 56096.077 29.2163797479 29.5333228938 29.6771446132 3.65204746849 3.69166536172 3.70964307665
13752 65536 60697.079 60842.991 63021.183 28.6015282195 29.6254690043 29.6966867878 3.57519102744 3.70318362554 3.71208584848
15120 65536 66414.118 67216.158 75405.836 26.2818999845 29.4841106509 29.8401710311 3.28523749806 3.68551383136 3.73002137889
16632 32768 36721.23 38507.938 41136.026 26.4973274764 28.305715876 29.6829586591 3.31216593455 3.5382144845 3.71036983238
18288 32768 40185.928 40377.14 43065.786 27.8300358433 29.6831912315 29.8244292878 3.47875448041 3.71039890393 3.72805366097
20112 32768 44209.957 45394.897 46415.806 28.3967929373 29.0354229023 29.8136465503 3.54959911716 3.62942786278 3.72670581878
22120 32768 48418.999 48755.884 50055.981 28.9607014195 29.7329512065 29.9398242413 3.62008767743 3.71661890081 3.74247803016
24328 32768 53410.053 53683.996 53925.037 29.5662255735 29.6989778481 29.8513054836 3.69577819668 3.71237223101 3.73141318545
26760 32768 58578.014 58858.871 68768.024 25.5023084566 29.7957356335 29.9385936847 3.18778855708 3.72446695418 3.74232421058
29432 32768 64439.058 64903.975 71991.92 26.7926671771 29.7186043228 29.9330190705 3.34908339714 3.71482554035 3.74162738381
32368 32768 70656.061 72924.852 75395.107 28.1353702171 29.0884271935 30.0224668341 3.51692127713 3.63605339919 3.75280835426
35600 16384 39090.872 39581.06 46278.954 25.2067235573 29.4721970559 29.8417697103 3.15084044467 3.68402463198 3.73022121379
39160 16384 44214.01 44752.836 47291.04 27.1339957844 28.6729287949 29.0223592024 3.39174947305 3.58411609937 3.6277949003
43072 16384 48362.017 49385.071 50734.043 27.8192553272 28.5791488687 29.183714484 3.4774069159 3.57239360859 3.6479643105
47376 16384 53462.982 53729.057 54450.989 28.5103502528 28.8934303835 29.0372274408 3.5637937816 3.61167879794 3.62965343011
52112 16384 58974.028 59113.979 63983.202 26.6883488576 28.8866702071 28.9552210339 3.3360436072 3.61083377588 3.61940262924
57320 16384 64651.012 64903.021 65150.976 28.8293725638 28.939512076 29.0523180055 3.60367157048 3.6174390095 3.63153975068
63048 16384 71255.922 71747.065 81789.017 25.259587898 28.7950017746 28.9934759949 3.15744848725 3.59937522183 3.62418449936
69352 8192 38984.06 39176.941 39242.029 28.9552603919 29.0033662404 29.1468658729 3.61940754898 3.62542078005 3.64335823411
76280 8192 43078.899 43215.99 44114.113 28.3304238714 28.9191921786 29.0112224084 3.54130298392 3.61489902233 3.62640280106
83904 8192 47417.879 47693.968 53005.934 25.9345139735 28.8229978265 28.9908187585 3.24181424668 3.60287472831 3.62385234481
92288 8192 51994.085 52366.972 53822.041 28.093445806 28.8740504607 29.0811270551 3.51168072575 3.60925630758 3.63514088189
101512 8192 57352.066 58485.031 63627.958 26.1390222204 28.4375776085 28.9993495265 3.26737777755 3.55469720107 3.62491869081
111656 8192 63161.135 64582.825 65888.882 27.7645006027 28.3259814664 28.9635691949 3.47056257534 3.5407476833 3.62044614936
122816 8192 68975.925 70378.065 87414.98 23.019136354 28.5915411855 29.1727489555 2.87739204425 3.57394264818 3.64659361944
135096 4096 38175.821 39119.005 46900.034 23.5971349616 28.2907612809 28.9897218451 2.9496418702 3.53634516011 3.62371523064
148600 4096 42376.041 43018.818 44200.897 27.5408709466 28.2976440682 28.7268742259 3.44260886832 3.53720550853 3.59085927824
163456 4096 46556.95 46664.0 48272.133 27.739224865 28.6951729813 28.7611527817 3.46740310812 3.58689662266 3.59514409771
179800 4096 51379.919 53325.891 54661.036 26.9464632906 27.6211343567 28.6672620095 3.36830791132 3.45264179458 3.58340775119
197776 4096 56667.089 56997.061 58902.979 27.5059261774 28.4256935985 28.5912161819 3.43824077217 3.55321169981 3.57390202274
217552 4096 62819.004 63757.896 64873.934 27.471526299 27.9523964216 28.3701725675 3.43394078737 3.4940495527 3.54627157094
239304 4096 69530.964 70888.042 73535.919 26.6587865448 27.654570682 28.1943217126 3.33234831811 3.45682133525 3.52429021407
263232 2048 38497.925 39278.984 39989.948 26.9617322833 27.4497495149 28.0066593719 3.37021653542 3.43121868936 3.50083242149
289552 2048 42882.919 43498.039 44062.853 26.9162097152 27.2657117255 27.6568158058 3.36452621441 3.40821396569 3.45710197573
318504 2048 48002.958 49082.041 49477.1 26.3676000412 26.5798315926 27.1773331968 3.29595000515 3.32247894907 3.39716664961
350352 2048 53424.12 53880.93 55238.008 25.9792458845 26.6335750329 26.8613089369 3.24740573556 3.32919687912 3.35766361711
385384 2048 58659.077 59125.9 60932.159 25.9063996731 26.697823864 26.9102915479 3.23829995914 3.337227983 3.36378644349
423920 2048 64168.93 65917.969 68592.072 25.3145337263 26.3414717768 27.059455721 3.16431671579 3.2926839721 3.38243196513
466312 2048 68326.95 72584.867 75632.095 25.2540135507 26.3142171494 27.9540350038 3.15675169384 3.28927714368 3.49425437547
512936 2048 79647.064 79903.126 80489.159 26.1027184543 26.2941634599 26.3786981024 3.26283980679 3.28677043249 3.2973372628
564224 1024 42957.067 44130.087 44265.985 26.1042593314 26.1846470414 26.8996659386 3.26303241643 3.27308088017 3.36245824232
620640 1024 47736.883 48554.897 48777.103 26.0587579381 26.1780128995 26.6265964621 3.25734474227 3.27225161244 3.32832455776
682704 1024 52580.118 53502.798 53857.088 25.9608873023 26.1327976156 26.5913779806 3.24511091279 3.26659970194 3.32392224757
750968 1024 58183.908 58512.926 59860.945 25.6925857752 26.2844907807 26.4331241552 3.21157322191 3.28556134759 3.3041405194
826064 1024 64482.927 64956.903 67744.97 24.9727628782 26.0446387353 26.2360775279 3.12159535977 3.25557984191 3.27950969099
908664 1024 70120.096 71148.157 71624.041 25.9821122352 26.1558970811 26.5393799803 3.2477640294 3.26948713513 3.31742249754
999528 1024 74672.937 77632.189 78595.877 26.0450474266 26.3683578986 27.4133230356 3.25563092832 3.29604473732 3.42666537945
1099480 512 43422.937 43555.021 49308.062 22.8333354493 25.8493164313 25.9279449476 2.85416693116 3.23116455391 3.24099311845
1209424 512 46985.865 47722.101 59693.098 20.7469576466 25.9512919601 26.3579307522 2.59336970582 3.24391149501 3.29474134402
1330360 512 51056.147 52603.96 53442.001 25.4909736632 25.8970739085 26.6821669876 3.1863717079 3.23713423856 3.33527087346
1463392 512 57112.932 57724.953 58421.135 25.6501933418 25.9595431459 26.2377250742 3.20627416773 3.24494289324 3.27971563428
1609728 512 62081.099 63657.045 74002.981 22.2742577356 25.8944076339 26.5517443884 2.78428221696 3.23680095424 3.31896804855
1770696 512 69269.896 73678.97 82024.097 22.1056100624 24.6093655218 26.1757676668 2.7632012578 3.07617069023 3.27197095835
1947760 512 75028.181 78283.072 99588.156 20.027544641 25.4781294224 26.5834278989 2.50344308012 3.1847661778 3.32292848736
2142536 256 41918.993 42734.146 48355.103 22.6858876094 25.6698339543 26.1690072564 2.83573595118 3.20872924429 3.27112590706
2356784 256 45336.962 46972.99 50997.972 23.6612037828 25.6886650818 26.6156653373 2.95765047285 3.21108313522 3.32695816716
2592456 256 50789.118 53138.971 54348.946 24.4225062249 24.9786069813 26.1342886876 3.05281327811 3.12232587266 3.26678608595
2851696 256 55607.08 56311.846 57280.064 25.4899916313 25.9282629804 26.2568786565 3.18624895391 3.24103287255 3.28210983206
3136864 256 61174.87 63997.03 73992.968 21.7057703105 25.0960766148 26.2538255986 2.71322128881 3.13700957685 3.28172819983
3450544 256 66253.901 68022.966 73813.915 23.9342206412 25.9717949964 26.6652755737 2.99177758015 3.24647437455 3.33315944672
3795592 256 73213.1 74851.036 76792.955 25.3062680554 25.9628083705 26.5436527616 3.16328350693 3.24535104631 3.3179565952
4175144 256 81761.837 82208.872 85922.956 24.8789593319 26.0029565665 26.1451284173 3.10986991649 3.25036957082 3.26814105216
4592656 128 45203.209 45630.932 49252.987 23.8710382377 25.7658540921 26.0096564383 2.98387977972 3.22073176152 3.25120705479
5051920 128 49401.999 50723.076 63604.116 20.3334564071 25.4971035274 26.1789309376 2.54168205089 3.18713794092 3.2723663672
5557112 128 55419.922 56323.051 61477.9 23.1403589257 25.2582316963 25.6698425523 2.89254486572 3.15727896204 3.20873031904
6112816 128 61316.967 62609.911 70137.978 22.3114629281 24.9941402408 25.5211725655 2.78893286601 3.1242675301 3.19014657069
6724096 128 71882.01 73573.112 76112.032 22.6162477964 23.3967074276 23.947140265 2.82703097455 2.92458842845 2.99339253312
7396504 128 78643.084 82939.148 89030.027 21.2681618529 22.8300515457 24.0771969726 2.65852023161 2.85375644322 3.00964962157
8136152 128 90539.932 91722.012 98824.978 21.0761990961 22.7083430311 23.0048208121 2.63452488702 2.83854287889 2.87560260151
8949760 64 50864.935 52810.907 54058.075 21.1914553006 21.6919069388 22.5217879468 2.64893191258 2.71148836736 2.81522349336
9844736 64 58274.984 59467.793 67489.147 18.6715385216 21.1900617869 21.6237932901 2.3339423152 2.64875772336 2.70297416126
10829208 64 66437.006 68783.998 75646.877 18.3238050131 20.1520508302 20.8639538031 2.29047562664 2.51900635377 2.60799422539
11912128 64 74805.021 75349.092 78948.021 19.313370553 20.235842842 20.3830219365 2.41417131913 2.52948035525 2.54787774206
13103336 64 83431.959 83999.157 85000.992 19.7318521647 19.9671885755 20.102932115 2.46648152059 2.49589857193 2.51286651438
14413664 64 93362.093 94210.148 97834.11 18.857931983 19.5833360967 19.7612214199 2.35724149788 2.44791701208 2.47015267749
15855024 64 104410.887 105696.917 112926.006 17.9714411577 19.2005890957 19.4370829548 2.24643014471 2.40007363696 2.42963536935
17440520 32 59021.95 59947.968 60014.963 18.5985831567 18.6193680493 18.9114944525 2.32482289458 2.32742100616 2.36393680656
19184568 32 65216.064 66273.928 67925.93 18.0757532801 18.5263253447 18.8268392278 2.25946916001 2.31579066809 2.35335490348
21103024 32 72634.935 72921.991 90307.951 14.9554222086 18.5210732384 18.5942692177 1.86942777608 2.3151341548 2.32428365221
23213320 32 80279.827 81432.104 96008.062 15.4742471523 18.2440635453 18.5059252806 1.93428089404 2.28050794316 2.31324066007
25534648 32 88474.989 89461.088 110743.046 14.7568405514 18.2673552103 18.4709542264 1.84460506893 2.28341940129 2.3088692783
28088112 32 98794.937 103158.951 104578.972 17.189298514 17.4259155466 18.1956608566 2.14866231426 2.17823944332 2.27445760707
30896920 32 108357.191 113574.982 141084.909 14.0156937692 17.4105497987 18.2489307978 1.75196172115 2.17631872484 2.28111634972
33986608 16 60086.012 60847.044 70600.033 15.4046876437 17.873858523 18.1002436307 1.92558595546 2.23423231538 2.26253045384
37385264 16 66593.885 67116.976 85146.904 14.0501696691 17.8245284472 17.9645390564 1.75627120864 2.2280660559 2.24556738205
41123784 16 73271.99 75373.888 81712.961 16.1046799907 17.4591111447 17.9599474233 2.01308499884 2.18238889309 2.24499342791
45236160 16 80777.884 82427.979 89860.916 16.1088622778 17.5614777599 17.9202158848 2.01360778472 2.19518471998 2.2400269856
49759776 16 89097.977 93642.95 99256.992 16.0423240712 17.0040866077 17.8714813244 2.0052905089 2.12551082596 2.23393516555
54735752 16 97986.937 101060.867 108824.968 16.0950570093 17.3315756731 17.8752813143 2.01188212617 2.16644695914 2.23441016429
60209320 16 108362.913 110743.046 147034.168 13.1037449744 17.3979162538 17.7800521106 1.6379681218 2.17473953173 2.22250651383
66230248 16 119188.07 120314.837 144208.908 14.6965119242 17.6151835372 17.7817120119 1.83706399053 2.20189794215 2.22271400149
72853272 8 65798.044 66469.908 79154.968 14.7262058397 17.5365422802 17.7156079594 1.84077572996 2.19206778502 2.21445099493
80138592 8 72355.032 72813.034 79489.946 16.1305616184 17.6097245446 17.7211927983 2.01632020231 2.20121556808 2.21514909979
88152448 8 79694.986 80253.839 85563.898 16.4840452687 17.5747252166 17.6979661933 2.06050565859 2.19684065207 2.21224577416
96967688 8 88000.059 92542.887 107573.032 14.4226018283 16.7650162892 17.6304769068 1.80282522854 2.09562703614 2.20380961335
106664456 8 96839.19 98443.031 124629.974 13.6935862315 17.3362327294 17.6233536856 1.71169827894 2.16702909117 2.2029192107
117330896 8 106637.955 107578.039 119816.78 15.6680419554 17.4505350111 17.6043730021 1.95850524442 2.18131687639 2.20054662526
129063984 8 117712.975 119462.013 140089.035 14.7407949808 17.2860283545 17.5428727717 1.84259937261 2.16075354431 2.19285909646
141970376 4 64870.119 67176.104 70596.933 16.0879936243 16.9072473748 17.5082615156 2.01099920304 2.11340592184 2.18853268945
156167408 4 71365.833 71870.804 91013.908 13.7269049473 17.3831263109 17.5061259917 1.71586311841 2.17289078887 2.18826574896
171784144 4 78497.171 79021.931 81582.069 16.8452843725 17.3910348002 17.5072952884 2.10566054656 2.17387935002 2.18841191105
188962552 4 86277.008 86594.82 103490.829 14.6070954364 17.4571691009 17.5214747364 1.82588692956 2.18214613761 2.19018434204
207858800 4 95011.95 96364.021 121986.151 13.6316326597 17.2561333861 17.5016974181 1.70395408246 2.15701667327 2.18771217726
228644680 4 104733.944 105427.98 117284.06 15.5959594168 17.349829144 17.4648005235 1.9494949271 2.168728643 2.18310006544
251509144 4 115638.971 116234.779 142488.003 14.1210004326 17.3104226576 17.3996113473 1.76512505407 2.1638028322 2.17495141841
276660056 2 63560.009 64008.951 87635.04 12.6278281382 17.2888354943 17.4109513421 1.57847851727 2.16110443678 2.17636891776
304326056 2 69837.809 71739.912 75716.019 16.0772349111 16.9682982605 17.4304469374 2.00965436389 2.12103728257 2.17880586718
334758656 2 76977.968 77867.031 82562.923 16.2183529282 17.1964258404 17.3950372917 2.02729411603 2.14955323004 2.17437966146
368234520 2 84927.082 86097.002 128580.093 11.4554130864 17.1078904699 17.3435616215 1.4319266358 2.13848630873 2.16794520269
405057968 2 93602.896 94672.918 108498.096 14.9332747 17.1139952822 17.3096340096 1.86665933751 2.13924941027 2.1637042512
445563760 2 102919.817 103091.955 119788.885 14.8783006036 17.2880128231 17.3169277983 1.85978757545 2.16100160289 2.16461597478
490120136 2 113083.124 114305.973 115178.108 17.0212949148 17.1511644803 17.3366323343 2.12766186435 2.14389556003 2.16707904179
539132144 1 62088.013 62291.861 63977.003 16.8539355931 17.3098743671 17.3667063238 2.10674194913 2.16373429588 2.17083829048
593045352 1 68248.987 68852.901 69280.148 17.120210309 17.2264448814 17.3788763194 2.14002628863 2.15330561017 2.17235953993
652349880 1 75492.144 77098.846 77928.066 16.7423603198 16.9224291632 17.2825898282 2.09279503998 2.1153036454 2.16032372852
717584864 1 83148.956 84025.145 84563.971 16.9714088758 17.0802410159 17.2602254681 2.12142610947 2.13503012699 2.15752818352
789343344 1 90931.177 91195.107 97347.975 16.216944297 17.3110898154 17.3613356836 2.02711803712 2.16388622692 2.17016696045
868277672 1 100246.906 101153.851 109570.98 15.8486794952 17.1674664566 17.3227824508 1.98108493691 2.14593330708 2.16534780635
955105432 1 110157.967 110341.787 114437.819 16.692129234 17.311762986 17.3406510307 2.08651615424 2.16397037325 2.16758137884
1050615968 1 121710.062 127943.039 134896.04 15.5766762019 16.4231829447 17.2642417683 1.94708452524 2.05289786809 2.15803022103

META_DATA
ERT_VERSION  1.1.0
TIMESTAMP_DATA  1588789601.25
TIMESTAMP_DATA  1588789552.48
CONFIG  {'ERT': ['GPU', 'False'], 'ERT_WORKING_SET_MIN': ['1'], 'ERT_CFLAGS': ['-O3', '-march=skylake'], 'ERT_CC': ['gcc'], 'ERT_WSS_MULT': [1.1], 'ERT_HIP': [False], 'ERT_MEMORY_MAX': ['1073741824'], 'ERT_LDFLAGS': [], 'ERT_LDLIBS': [], 'ERT_SPEC_GBYTES_DRAM': ['18.75'], 'ERT_RUN': ['ERT_CODE'], 'ERT_OCL': [False], 'ERT_FLOPS': ['1,2,4,8,16'], 'ERT_SPEC_GFLOPS': ['30.4'], 'ERT_MPI': [False], 'ERT_TRIALS_MIN': ['1'], 'ERT_DRIVER': ['driver1'], 'ERT_RESULTS': ['Results/skylake-simd'], 'ERT_OPENMP': ['False'], 'ERT_KERNEL': ['kernel1'], 'ERT_PRECISION': ['FP64'], 'ERT_LD': ['g++'], 'ERT_NUM_EXPERIMENTS': ['5'], 'ERT_GPU': [False], 'ERT_ALIGN': ['32'], 'ERT_GNUPLOT': ['gnuplot']}
TIMESTAMP_DATA  1588789407.35
FLOPS          2
UNAME  ('Linux', 'box', '5.6.8-arch1-1-surface', '#1 SMP PREEMPT Thu, 30 Apr 2020 08:30:23 +0000', 'x86_64', '')
TIMESTAMP_DATA  1588789455.15
TIMESTAMP_DATA  1588789503.93
HOSTNAME  ('localhost', [], ['127.0.0.1'])
